-0.4573380842804909,0.6127239525318146,-0.41065946891903876,0.04147435314953327,0.47375907823443414,0.21276822052896022,0.2270204208791256,0.7747701298445463,1.8080658696591854,1.4299303606152534,0.3624437667429447,0.5305382922291756,0.32039001733064654,0.22052593231201173,-0.07479678746312857,-0.24743586778640747,0.2699450243264437,-0.46753885224461555,-0.3997422536136582,0.17544403672218323,-0.10503663383424282,0.650323186814785,0.5253307670354843,0.9541698725894093,0.2539200460538268,-0.2694234844297171,-0.48740877900272606,-0.02610100507736206,-0.2967532768845558,0.1912729808333097,0.3301299884915352,-0.37980138659477236,-0.6370222456753254,1.2416712760925293,1.0151666164398194,1.3707832038402556,0.9760361239314079,0.8037504762411117,1.4251651108264922,1.7290548741817475,-0.2415184361860156,0.9171387851238251,0.3355676345527172,1.8580351233482362,1.6240039765834808,1.540213167667389,0.31978110671043397,0.8400996372103691
-0.7338130369782447,0.6795124605298042,-0.6326138384640216,-0.16798688881099225,0.3805136799812317,0.19951915703713893,0.00013861283659934997,0.9660997714847326,1.7587793052196503,1.435381183028221,0.360816440731287,0.6275693163275718,0.40465413480997087,0.15860300064086913,0.009817261435091495,-0.07611342370510102,0.09178637154400349,-0.5648681044578552,-0.5792925273301079,0.11310789287090302,-0.08684817664325237,0.6359497711062432,0.677924394607544,0.8468298422172665,0.1430696165189147,-0.4439650412648916,-0.46572413239628074,-0.21373732686042785,-0.5154146626591682,0.06159290161158424,0.159514619410038,-0.6183003962039948,-0.48563204482197764,1.2335878938436509,1.109353271126747,1.3193005621433258,1.0597575590014459,0.7949873596429825,1.4408390820026398,1.7910081803798676,-0.2839870467782021,0.8640141427516937,0.21745941266417504,1.7360171929001809,1.5908721148967744,1.4537189230322838,0.25204652156680823,0.9580504149198532
-0.7560626059770584,0.6276469804346562,-0.695227600634098,-0.2661797981709242,0.4582936704158783,0.197585853561759,-0.0543092742562294,1.0629246916621924,1.5549046337604522,1.2827704846858978,0.4169315226376057,0.7072394862771034,0.5230138882994652,0.20302616357803344,0.1624615440145135,0.028804948925971983,0.10865913853049278,-0.5274213194847107,-0.6913046990754083,0.07482676506042481,0.016355725843459366,0.6117603458464146,0.7679837286472321,0.7698025660589337,0.31699220146983864,-0.5442327078431844,-0.36053455863147976,-0.3012240260839462,-0.557520917057991,0.028917769456165844,0.07889114767313003,-0.7691397279500961,-0.41679819896817205,1.4124924838542938,1.1854899391531943,1.343362706899643,1.228247158229351,0.86009661257267,1.3781788796186447,1.769877737760544,-0.30733807384967804,0.8233896315097808,0.07885547205805779,1.4454785957932472,1.3980325043201447,1.2911811217665672,0.26390952374786136,1.042800137400627
-0.8521156907081604,0.407490286976099,-0.6589761689305306,-0.27590146474540234,0.31284200549125674,0.09090784788131714,-0.16361435651779174,1.0089661732316018,1.258375495672226,1.0986036777496337,0.4378910966217518,0.7622058091685175,0.4908629283308983,0.21350996047258378,0.27990161869674923,0.05508306324481964,0.19171221517026424,-0.46957826614379883,-0.8123514508130029,0.05344420075416565,0.10532261105254292,0.660358252376318,0.8050956971943378,0.7182422310113907,0.24927865471690894,-0.6513318177312613,-0.32327294647693633,-0.381992107629776,-0.6609539046883584,0.010922179484623484,0.09139217287302018,-0.7395683258771897,-0.5816098339855671,1.3927084445953368,1.1313580259680749,1.3580981075763703,1.2527530834078788,0.8834689974784851,1.2691574186086654,1.752036029100418,-0.4744623079895973,0.6476191520690918,-0.10588131546974182,1.1010353699326516,1.1225516855716706,1.033887468278408,0.19328618254512547,1.1487519323825837
-0.8564470887184144,0.2754907704889774,-0.6731928169727326,-0.3308647911995649,0.26307954341173173,-0.05856728553771973,-0.36571086049079893,0.9526737689971924,0.9797536849975585,0.8472057342529297,0.2804370172321796,0.6685746831819415,0.4138007596135139,0.017370207607746123,0.2463780591264367,-0.08617163002490998,0.04838739447295666,-0.4664299666881561,-0.9654715155484155,-0.018622225522994994,0.10751194329932331,0.5825715653598309,0.7269699104130268,0.5651179447770118,0.21551364958286284,-0.8699857287108899,-0.26479892134666444,-0.5342882812023163,-0.8495817288756371,-0.047678380346042104,0.006064455211162567,-0.7527059525251388,-0.5882831878960133,1.4193681582808495,1.0904883071780205,1.2922240868210793,1.377052854001522,0.7053352653980255,1.0923041850328445,1.6527026355266572,-0.515760651230812,0.5209849447011947,-0.3352743089199066,0.8871620193123817,0.9473165333271026,0.8162025853991508,0.16573183741420508,1.1348181903362273
-0.9476793229579925,0.1660181052982807,-0.760113587975502,-0.4881325297057629,0.02310304194688797,-0.29266881942749023,-0.5783909440040589,0.9039895610883832,0.5466656684875488,0.5967039942741394,0.12370431199669837,0.462131361477077,0.2408999100327492,0.11269000172615051,0.10788646917790175,-0.22519103288650513,-0.1291136909276247,-0.560364380478859,-1.0978095104219392,-0.18362861573696138,-0.056933927815407515,0.4860486052930355,0.5942591793835164,0.3982264056801796,0.15332071483135223,-1.0602009885013104,-0.2996182985603809,-0.6393905684351922,-0.9197388559579849,-0.23133233699772973,-0.07497455179691315,-0.7146639674901962,-0.636199077963829,1.4247426018118858,1.0817682430148126,1.148761010169983,1.433476760983467,0.5873428650200367,0.8927102264016866,1.5268714249134063,-0.5845052905380725,0.32868707180023193,-0.6112484753131866,0.5606281235814095,0.6895711048971862,0.5645117357373237,0.1098206689581275,1.0765980750322341
-1.009772002696991,0.20000812485814096,-0.9056616723537445,-0.6771097235381603,-0.11758536994457244,-0.41947421431541443,-0.7847663521766662,0.9132247107103467,0.2594765402376652,0.312895911000669,-0.016683270782232286,0.25463194083422425,0.0436999037861824,-0.0093321293592453,0.05899884533137083,-0.2867647081613541,-0.399749593809247,-0.7004431754350662,-1.1749173094751313,-0.3472259372472763,-0.18608855037018657,0.29671397507190705,0.5000494487583638,0.23007728904485703,0.2053760915994644,-1.257582526654005,-0.18635551407933235,-0.7323993548750878,-0.9134688884019851,-0.40365206513379237,-0.18502170443534852,-0.820740082859993,-0.51053965985775,1.2984740361571312,1.0777468726038932,0.9733150273561477,1.5007829248905182,0.4288217253983021,0.7686371054500342,1.3067283943295478,-0.588782324641943,0.089418326318264,-0.7480451350915246,0.39162153750658035,0.5167491778265685,0.31263677030801773,-0.03577219340950251,0.96712067425251
-1.101521795988083,0.1799277015030384,-0.9665840029716491,-0.7808316268026829,-0.13920092284679414,-0.4921704322099686,-0.8713838577270507,0.8578308807685971,0.09624399915337563,0.13067498113960027,-0.22134992405772208,0.08045989107340575,0.012709410488605499,-0.2228717178106308,-0.11954610515385866,-0.46974227726459505,-0.503275702893734,-0.7306946307420731,-1.12270310271997,-0.3809426806867123,-0.2343541610054672,0.23769490718841552,0.40568371713161466,0.13092436641454697,0.10421727448701859,-1.2697511933743955,-0.34620342329144477,-0.7856381416320801,-0.8540288947522641,-0.3696289627609076,-0.17440333664417268,-0.7237778037786484,-0.6227310538291931,1.0242423996329308,1.0728201553225518,0.9918082863092422,1.3293584823608398,0.3397710807621479,0.6494837131351232,1.2029693260788918,-0.5294021010398865,0.15082674324512482,-0.5130706494557671,0.2510297134518623,0.49961165036074817,0.3200530901551247,-0.1181747006252408,0.9150570303201675
-0.8815238431096077,0.13665056899189948,-0.7795413941144943,-0.6243091769516468,0.07574386298656463,-0.23485276997089385,-0.5880561470985413,0.48308997619897126,-0.09033615812659264,0.06177211906760931,-0.48711761385202407,0.07239859234541654,0.08292433321475982,-0.48381016179919245,-0.24737662244588138,-0.6125852733850479,-0.28170193880796435,-0.6762148901820183,-0.8343310510041192,-0.2740840710699558,-0.1683767474256456,0.3476772174239159,0.3695363074541092,0.04052899926900864,0.530966567620635,-1.0057788141071797,0.2292531482875347,-0.6362098097801209,-0.6267704866826534,-0.3109144418296637,-0.1598634034395218,-0.6310740903019905,-0.29451439082622527,0.7043629214167595,1.0915548488497735,0.9947565227746964,0.6236145615577697,0.1457023151218891,0.5811771120876074,1.0822678700089454,-0.2672333538532257,0.40925252735614776,-0.23996423537610098,0.17455970793962478,0.596074579609558,0.4035142555832863,-0.16279409397393466,1.0141355097293854
-0.8024518355727196,0.3696588508784771,-0.6372928231954574,-0.5554189898073674,0.34347542822360994,-0.0216583251953125,-0.5150415182113648,0.3576214598491788,-0.1705029748380184,-0.06838681790977716,-0.3882948078215122,0.00453194510191679,0.001349380612373352,-0.6665138624608516,-0.30661409962922337,-0.7364592514932156,-0.2851363942027092,-0.6990257248282432,-0.6609687998890876,-0.17548559084534646,-0.10857501393184066,0.30314420312643053,0.1711021788418293,0.04953174442052841,0.5839497309178114,-0.8129829175770282,0.4234730117022991,-0.3951760113239288,-0.2550160430371761,-0.18289579600095748,-0.10753394663333893,-0.5811985716223717,-0.026745155453681946,0.5003909036517143,1.1633972331881524,1.0807867437601089,0.22892794609069825,0.06275731399655342,0.448513063415885,0.9231211557984352,0.07555399537086487,0.5074024721980095,-0.1360446339356713,0.1606551006436348,0.6110051616560668,0.36393872648477554,-0.19809206593781709,0.8856804490089416
-0.6562916979193687,0.4989589713513851,-0.41888171136379243,-0.36560315191745757,0.5033328980207443,0.09465420842170716,-0.4141178846359253,0.4120364056900144,-0.30778065249323844,-0.0853172728791833,-0.27164719328284265,0.022983540408313276,0.025825121998786928,-0.7659480325877667,-0.19351435005664824,-0.7117979370057583,-0.22763410061597825,-0.6111971333622932,-0.4939177706837654,0.06463599875569344,0.07143877679482102,0.38225761502981187,0.03441436067223549,0.16080407947301864,0.5399395447224379,-0.6368359372019767,0.5486709408462047,-0.1583225965499878,0.030515608936548234,0.02134534940123558,0.04259575381875038,-0.32802995294332504,0.14780521690845488,0.4523318812251091,1.424977257847786,1.1968996554613114,0.18773528039455414,0.2712167240679264,0.4851500239223242,0.8840034380555153,0.3002521127462387,0.3443151220679283,-0.13169515783665703,0.043442295491695405,0.5068486615549773,0.2921347752213478,-0.042501555569469926,0.8415707468986511
-0.38987579196691513,0.43384663537144663,-0.026414546370506286,-0.005545881390571594,0.7651088565587998,0.39590407013893125,-0.1328535795211792,0.46195915061980486,-0.2369435213506222,-0.026336819864809513,-0.18953641578555108,0.13611455392092467,0.06886371672153473,-0.8275267846882344,-0.20120646059513092,-0.5776270858943462,-0.029321353137493133,-0.44694404751062394,-0.28027919977903365,0.39235876873135567,0.32189571047201754,0.5279378220438957,-0.02617117390036583,0.36546324789524076,0.39839383475482465,-0.37788345068693163,0.3633992664515972,0.1168932557106018,0.2868588663637638,0.2933806382119656,0.29822051897644997,0.04847861677408218,0.26907030642032626,0.40955440849065783,1.3762321293354034,1.2477146416902543,-0.07127936482429505,0.5096408762037754,0.5847860481590033,0.8538360968232155,0.5736278325319291,0.23193023949861527,-0.08213292713044211,0.10122859477996826,0.4458976551424712,0.29261475130915643,0.17802346274256706,0.8888303279876709
-0.25150269716978074,0.3288946822285652,0.14616865813732147,0.1391174763441086,0.8050799876451492,0.49080990850925443,-0.13878870606422425,0.5236378343775868,-0.08974961116909981,0.12879658844321967,-0.10836701318621636,0.22632628213614225,0.14268398880958558,-0.769313920289278,-0.05638080537319183,-0.3459621541202068,-0.07690580449998378,-0.3586680680513382,-0.21346478909254074,0.6068615801632404,0.443535977602005,0.5867463685572147,-0.010113417357206344,0.5468721896409988,0.2839856844395399,-0.23943855464458466,0.15418043062090875,0.1430549919605255,0.22877281680703163,0.4660034112632275,0.4437342740595341,0.28463897854089737,0.3916452556848526,0.2970432206988335,1.2078329622745514,1.2618712037801743,-0.09843635112047196,0.6043522544205189,0.765779685601592,0.9103404119610786,0.7292429476976394,0.16452119499444962,-0.008010373066645116,0.2466172993183136,0.55676449383609,0.41563653871417044,0.41835131868720055,0.9432358860969543
-0.04578419774770737,0.34485181123018266,0.34004504382610323,0.3104715675115585,0.9341245800256729,0.654863354563713,-0.042430585622787474,0.5451695593073964,0.10281454250216485,0.361275946162641,-0.009088087081909179,0.3523514896631241,0.2894514113664627,-0.6912294052541256,-0.014215341210365296,-0.15700332447886467,-0.09876154661178589,-0.2516286104917526,-0.09893601387739182,0.8209902353584766,0.5672829061746597,0.6111614741384983,0.07741039991378784,0.6434825479984283,0.15258870534598828,-0.013975656032562256,-0.044782716780900955,0.19221187233924866,0.22589028850197793,0.5168117038905621,0.5121142216026783,0.4409740939736366,0.48392429351806643,0.0684521660208702,1.1079200685024262,1.1415630489587785,-0.27264791280031203,0.614715737849474,0.8837150510400533,0.9101731970906257,0.9244373291730881,0.061467011272907254,0.14990457837702706,0.40751880407333374,0.6185815780889243,0.6240645878016948,0.6357506833970547,0.9660568475723267
0.10616443008184433,0.311668886244297,0.4996575862169266,0.4515265852212906,0.974788923561573,0.8119826495647431,0.07162361145019532,0.6261382894590497,0.263136475533247,0.5606046428903937,0.06284113228321075,0.5479416340589524,0.4337003827095032,-0.5533578298985958,0.0682657927274704,0.08805962875485421,-0.09226175546646118,-0.17290298789739608,-0.0026272043585777284,1.0104290254414081,0.6774222910404205,0.5967295907437802,0.252604478597641,0.7859193690121173,0.08320672921836376,0.22170841991901397,-0.05484733358025551,0.2003848671913147,0.24419947639107703,0.5181600861251354,0.5659208379685878,0.5194865047931672,0.6359266102313995,-0.01417853832244873,0.9481032907962799,1.0488620355725289,-0.25179006308317187,0.6865898497402668,1.0186367627233266,0.9145670637488366,1.0696475237607956,0.010687069594860077,0.24011065309168772,0.4584434151649475,0.6142467900644988,0.6936012201011181,0.8294702135026455,1.0261646389961243
0.2852006211876869,0.3152931287884712,0.634875475987792,0.6286370009183884,1.106806679069996,0.9316816210746766,0.22665464282035827,0.7355945140123368,0.5140295200049877,0.7410708775743842,0.27505467236042025,0.7729045242071152,0.6377276420593262,-0.44455253556370733,0.24659793972969055,0.35261582806706426,-0.007729989290237427,0.001093490421772003,0.10153093785047532,1.2338833220303058,0.8893974602222443,0.6374026991426944,0.46784027814865115,0.9419781155884266,0.011015645787119865,0.402440045773983,-0.059618928283452985,0.2343655288219452,0.2814453549683094,0.6593112044036389,0.6243409141898155,0.6115534633398056,0.710251821577549,-0.10161385238170624,0.7207415916025639,1.051061025261879,-0.21114659756422044,0.7426345735788346,1.0878193527460098,0.9492600426077843,1.159520111978054,0.019217900931835175,0.384841849852819,0.6475435316562652,0.6309018850326538,0.7627216301858425,0.9032544128596782,1.0965257197618485
0.3653638608753681,0.2635498747229576,0.747387296333909,0.7911924749612809,1.050323262810707,0.9670924916863441,0.4368175446987152,0.804993525147438,0.6346004441380501,0.8434405386447906,0.35192878246307374,0.9355932325124741,0.8187056005001068,-0.3313958801329136,0.43625353574752807,0.5451982028782367,0.21451340913772582,0.27186127454042436,0.2647296920418739,1.3879355199635028,1.0343858659267426,0.7446043342351913,0.6707535862922669,1.0201937712728977,-0.158040626719594,0.6107623502612114,-0.21728988513350486,0.2046764850616455,0.29252078193239867,0.7911128900945187,0.7216951206326485,0.7506785869598389,0.6266572073101997,-0.13328090012073518,0.6093690700829029,1.051708060503006,-0.3390839800238609,0.7612647086381912,1.1231387317180634,0.9878314524888993,1.1626825094223023,0.016578881070017815,0.49216034114360807,0.6266807198524476,0.5180513173341751,0.7602218352258205,0.974428030103445,1.167796614766121
0.4529537446796894,0.32775489538908004,0.7949641648679971,0.8635880649089813,0.9568655133247376,1.0521508321166038,0.6526696264743805,0.9007438361644745,0.697425527870655,0.9426263928413391,0.37045438289642335,1.0492204636335374,0.9462683022022247,-0.27318193688988684,0.6958128690719605,0.793094152957201,0.420700204372406,0.5439947739243507,0.4127233028411865,1.422551155090332,1.1296100288629531,0.8009608268737793,0.8779812671244145,1.128105977922678,-0.1321444857865572,0.7615986213088035,-0.12321976944804192,0.11900222301483154,0.24902742090635002,0.7376221001148224,0.782907436043024,0.8375410944223404,0.5920019462704659,0.04787547290325165,0.5282114811241627,0.9676911324262619,-0.3181126073002815,0.813942751288414,1.1163583993911743,0.9506413698196411,1.1109587207436562,0.004575685784220696,0.5062789767980576,0.7157617330551147,0.473503515124321,0.7314665816724301,1.0248192816972732,1.1961932569742202
0.402269770950079,0.23648446053266525,0.7475146982818842,0.8896368771791459,0.7897151418030262,0.9782074794173241,0.6931509792804718,0.9219567716121674,0.7677399232983589,0.9581006050109864,0.44684030041098594,1.1240363776683808,1.0400013267993926,-0.2893393784761429,0.7166429758071899,0.9564374215900898,0.5126071631908417,0.7825013279914856,0.42817925214767455,1.3787172555923461,1.164809337258339,0.8552550315856934,1.0902879245579242,1.1449067153036594,-0.16330778896808623,0.8008299559354782,-0.28222313448786734,-0.03354346752166748,0.12222184124402702,0.6677023291587829,0.7943589426577091,0.9172631993889808,0.5193349942564964,-0.1470541924238205,0.2655766371637583,0.8401849538087844,-0.27398971319198606,0.7877201050519943,1.0688997507095337,0.88779037296772,0.9144514158368111,-0.018376596644520758,0.4422898977994919,0.678171706199646,0.44276286065578463,0.6123073421418667,0.9616205006837845,1.157351515814662
0.24176489636301995,0.06333612650632858,0.6060841534286737,0.8154110312461853,0.5558688022196293,0.8492655262351037,0.6389046967029571,0.9631654441356658,0.8633591011166573,1.0051450729370117,0.44671875461935995,1.2097858965396882,1.1285131990909576,-0.22811979353427886,0.6675653723505093,1.117393857240677,0.5050164878368377,0.9889735043048858,0.42113834619522095,1.2846733808517456,1.1608324199914932,0.8585230350494385,1.3169313579797746,1.086018220335245,-0.25178345292806625,0.727867814898491,-0.45035154148936274,-0.3415194511413574,-0.20664490279741585,0.5169250547885895,0.7709049142897129,0.8674152880907059,0.37655249387025835,-0.1559377282857895,0.045382434502243996,0.6399449080228805,-0.14065403938293458,0.7041343003511429,1.0380778551101684,0.8353756457567215,0.6636530563235283,-0.022773392871022223,0.42585775554180144,0.6098416924476624,0.4341430991888046,0.5908996962010861,0.9316699653863907,1.1491199295967818
-0.0019491977989673614,-0.07816459089517594,0.3487500224262476,0.6281507566571236,0.30349001064896586,0.7106385782361031,0.6146420061588287,0.9319512665271759,1.020659004151821,1.080717569589615,0.4061111591756344,1.2226435601711274,1.18617222905159,-0.22721104919910431,0.6667251137521817,1.1049326241016388,0.4816382110118866,1.1777939826250077,0.40558806657791135,1.166238498687744,1.107183375954628,0.8298990488052368,1.4850419819355012,0.9433728016912937,-0.31591570377349854,0.5974522441625595,-0.5854890517890453,-0.6881598472595215,-0.5293964606244117,0.24433351755142213,0.6580817885696888,0.6327137172222137,0.0661511018872261,-0.3402203947305679,-0.19871090892702342,0.43944869339466097,-0.2606137067079544,0.6023196250200271,0.9724278450012207,0.7644763201475143,0.32473546713590623,0.09769047908484936,0.5823452740907669,0.6984186977148056,0.6586795061826706,0.6891778968274593,0.746686390042305,1.0959878843277693
-0.289300424605608,-0.0762565240263939,0.035334208980202675,0.3080311015248299,0.10386130437254906,0.5339210972189903,0.6231387197971344,1.0393942415714263,1.2072429791092874,1.1784211337566375,0.43893942758440974,1.2336519062519073,1.260773128271103,-0.28654732257127763,0.6696173456934048,1.154322773218155,0.44699650406837466,1.3750282019376754,0.5210337489843369,0.9834755837917328,0.92673861682415,0.7419937133789063,1.597071212530136,0.7494849391281605,-0.3249093294143677,0.4701211750507355,-0.4579138971865177,-0.9741789102554321,-0.7308001023251564,-0.040742617845535276,0.43652827218174933,0.2965415894985199,-0.0900004342198372,-0.22209765613079072,-0.09431205336004496,0.2946153685450554,-0.32163621187210084,0.5346082299947739,0.908963805437088,0.7151183158159256,0.06762460619211197,0.1626821618527174,0.7121974170207978,0.8463695108890533,0.7199082940816879,0.8249262988567352,0.5192561313509941,0.9660414557904005
-0.5811777658760547,-0.03413556665182114,-0.2283354725688696,-0.022802035510540008,-0.040012944489717484,0.4024479016661644,0.667592853307724,1.1095538556575775,1.3002723813056947,1.2258746862411498,0.4548610530793667,1.1760901421308518,1.3039862751960754,-0.22046434730291367,0.6125862208631588,1.1306260824203491,0.46631805449724195,1.552266202867031,0.7065273314714432,0.8157244086265564,0.7038614004850388,0.6801400475203991,1.6670566201210022,0.5671274580061436,-0.3889588564634323,0.4270187899470329,-0.45361264124512674,-1.096794980764389,-0.7753779512364417,-0.3424444258213043,0.19440918043255806,0.13139578700065613,-0.09394901543855667,-0.3096145659685135,-0.07860237304121256,0.13471559137105943,-0.3864786460995674,0.4828001484274864,0.7705946892499924,0.6275094598531723,-0.030969081819057463,0.19458226226270198,0.8551509976387024,0.8552625358104706,0.7114799886941909,0.8488866508007049,0.21891063898801805,0.797211141511798
-0.8295765645802021,0.032370902597904205,-0.5737255182117224,-0.4293634220957756,-0.19091613963246346,0.2361967846751213,0.6106347799301147,1.2780982553958893,1.3056965827941895,1.1989506661891938,0.49297626316547394,1.0757797807455063,1.3608637541532516,-0.11903008073568344,0.7027431217458797,1.2156008780002594,0.48888410404324534,1.7847265407443047,0.935535803437233,0.6501218140125274,0.47287902534008025,0.7017764799296856,1.728308618068695,0.5060648836195469,-0.4526161223649979,0.26919897347688676,-0.4085865892469883,-1.2505080699920654,-0.7777330559212714,-0.42946578562259674,0.07663715556263924,0.14185189604759216,-0.07702170461416244,-0.05285055935382843,-0.03879173900932074,0.16523416806012392,-0.2236089363694191,0.5765641942620278,0.7748832613229751,0.6167071133852005,-0.1471465453505516,0.31285829208791255,0.9854385048151016,0.9957525849342346,0.8040154322981834,0.8457917094230651,0.07997695654630661,0.6789176236838103
-0.9500808574259281,0.1360815405845642,-0.732450806722045,-0.6576711222529411,-0.296220613270998,0.17445726245641707,0.6637346416711807,1.2813246428966523,1.2864111989736557,1.20172061920166,0.5974280714988709,1.0561351627111435,1.4408796072006225,0.11463039666414261,0.8674757984903408,1.3525071382522582,0.6709149606525898,2.0258985102176665,1.1531072586774826,0.5325244039297103,0.31282887160778045,0.7726349927484989,1.776335072517395,0.49337215516716243,-0.3778144270181656,0.291966350376606,-0.5112243898212909,-1.2044138073921205,-0.5909337860066444,-0.4282988905906677,0.008819960802793504,0.19295243173837662,-0.1258462592959404,-0.08067671358585357,0.12039903495460749,0.29656635094434025,-0.22268068194389343,0.5803963795304299,0.8718174427747727,0.6950147032737732,-0.25157469883561134,0.36734420619904995,1.075285053253174,1.1357899188995362,0.8168856263160705,0.872763580083847,-0.014960695803165436,0.5927271585911512
-1.0739106602966786,0.1339823067188263,-0.7253036521375179,-0.7775607630610466,-0.4326093323528767,0.06011941283941269,0.5979203134775162,1.3209365427494049,1.081990385055542,1.1534591913223267,0.4725335448980331,0.9103837937116623,1.2780465930700302,0.12243276983499526,0.9367197213199688,1.2994984596967698,0.8113510318100452,2.0608793437480926,1.2209338217973709,0.33760078251361847,0.13480139672756195,0.7255612932145595,1.6985212504863738,0.4796160975471139,-0.6712176531553269,0.32199468910694123,-0.7035248532891274,-1.133654099702835,-0.5188575756270438,-0.4749738335609436,-0.06661466658115386,0.2236006662249565,-0.174592462182045,0.04585990309715271,0.11571314502507449,0.2810687618330121,-0.035659921169281,0.6661001667380333,0.8821738332509994,0.6781216144561768,-0.2962476693093777,0.47877981923520563,1.0011706948280334,1.0144275337457658,0.873198676109314,0.8658015370368958,0.02743726521730423,0.422864268347621
-1.1952971160411834,0.12542354464530944,-0.6381635934114456,-0.933641491830349,-0.48737651482224464,-0.04155056178569794,0.4568879634141922,1.3477329313755035,0.9833087921142578,1.0737619280815125,0.38718403577804567,0.7514910668134689,1.0900962680578232,0.06800022572278977,0.6918247280147625,1.1774702981114387,0.7373766995966434,1.8243600696325302,1.0825678765773774,0.1260472446680069,-0.0824547678232193,0.5524748109281064,1.5720228612422944,0.4794650891795754,-0.7142359584569931,0.343313929438591,-0.7191489830613136,-1.090674775838852,-0.5166489159688353,-0.4815298140048981,-0.16205958575010299,0.2477543368935585,-0.18699951767921447,0.25390281081199645,0.11957067418843507,0.28634127248078584,0.127704519033432,0.6398919746279716,0.9087428957223892,0.6754789113998413,-0.3075453620404005,0.5991703674197197,0.9003797717392444,1.035405269265175,0.9674642473459244,0.8562030047178268,0.07699432820081711,0.3847969513386488
-1.249723881483078,0.04999614357948303,-0.6213470071554184,-1.0716340497136116,-0.5492223687469959,-0.1751514583826065,0.25146019756793975,1.3213822185993194,0.847774900496006,0.97158914655447,0.26229503452777864,0.5785351604223251,0.9071331784129143,0.15520999878644942,0.5943846521404339,1.0614257857203484,0.5448927558958531,1.4516260594129562,0.8799686789512634,0.011896756291389466,-0.25102020502090455,0.36612599715590477,1.3949772536754608,0.4814359525218606,-0.8342218980193138,0.31356857120990755,-0.8637633785605431,-1.0762236416339874,-0.49338831957429646,-0.3937514841556549,-0.23676505386829377,0.3868487522006035,-0.21015931963920592,0.26245973706245423,0.09300881791859865,0.30484112072736025,0.23409736454486846,0.599030290544033,0.8872953802347183,0.7017517656087875,-0.2798749353736639,0.6070469781756401,0.7074094153940678,0.9023055836558342,0.913716059923172,0.7997692316770554,0.1620368853211403,0.3199779327958822
-1.3133419573307037,0.07328584790229797,-0.5957658916711808,-1.2660410419106483,-0.7232587471604347,-0.38429432213306425,0.07402698099613189,1.2895717740058898,0.6563874438405037,0.8614341720938683,-0.008162322640419006,0.3658441513776779,0.6899376973509789,0.17569064125418662,0.5234872428205563,0.8895734414458275,0.32759940400719645,1.061507722735405,0.7722187012434005,-0.07078586909919977,-0.47503658533096316,0.10128278359770775,1.2057887647300958,0.49880444798618556,-1.0147971972823142,0.330708971619606,-0.9354432329535485,-1.0986866712570191,-0.502403617464006,-0.35388473197817805,-0.30300481915473937,0.4515823110938072,-0.2954652667045593,0.29342917203903196,-0.021321109868586062,0.2547417202964425,0.3485839799046516,0.5078258336056024,0.7923618465662002,0.6897438138723373,-0.20658709667623043,0.5840284392237663,0.5722083382308483,0.7935665175318718,0.8007756292819976,0.7385940164327621,0.23769971281290053,0.320466074347496
-1.3347015678882599,0.10991209149360656,-0.6673569470643997,-1.4721539482474326,-0.8207668706774711,-0.5124539613723755,-0.12127072513103485,1.1915031552314759,0.5024720698595047,0.7393291108310223,-0.24265896379947663,0.09615087211132049,0.4394607588648796,0.20969077870249747,0.4657665640115738,0.6892338827252388,0.02032543197274208,0.6275428742170334,0.6207268178462982,-0.16013971511274577,-0.7602791666984559,-0.23011556044220924,0.9129615757614374,0.47919526491314174,-1.0889500245451926,0.2990020394325256,-0.9537428423762322,-1.0818636894226075,-0.35705262776464225,-0.3975297324359417,-0.4986235022544861,0.5436642795801163,-0.48020715415477755,0.1456128403544426,-0.14045760426670312,0.19354919735342263,0.4595563128590584,0.4552550644148141,0.6527270168066025,0.5737600177526474,-0.13599188886582853,0.5757932350039482,0.46484251841902735,0.7588466212153435,0.7284555315971375,0.6766126781702042,0.27002266198396685,0.21421917974948884
-1.2488360404968262,0.35810705423355105,-0.6697587937116622,-1.5504836738109589,-0.7423792108893394,-0.472289177775383,-0.29960355460643767,1.1966565132141114,0.35596185028553007,0.5933454491198062,-0.3639059841632843,0.001328691840171814,0.19784474223852158,0.28112143501639364,0.5338322788476944,0.43189614564180373,-0.22302220091223718,0.229073366522789,0.5768185555934906,-0.21253316346555948,-0.9482171833515167,-0.4941553629934788,0.656959829106927,0.47179151568561795,-1.173900952935219,0.3226956069469452,-0.8676955714821816,-0.9458966076374054,-0.1530251121148467,-0.3319924436509609,-0.585078838467598,0.7075695276260376,-0.3471753358840942,0.23152030408382415,-0.14525136761367322,0.14881918672472239,0.6595265164971351,0.40350973610766233,0.49007218778133393,0.47440178468823435,0.16004279293119908,0.6386137589812279,0.3806037150323391,0.834528760612011,0.6818309426307678,0.6300808161497116,0.29013045579195024,0.08499549925327302
-1.091726803779602,0.6723770365118981,-0.5975620537996292,-1.4658020807430148,-0.5451416283845901,-0.2988221526145935,-0.35885992348194123,1.2067619562149048,0.2731785923242569,0.5085532583296299,-0.36993048787117006,-0.057931247353553775,0.05871732383966446,0.24426527246832846,0.42267735078930857,0.17410259693861008,-0.3619010619819164,-0.10399963557720185,0.5664916455745697,-0.15443027559667827,-0.9482924222946167,-0.6569282032549382,0.41887275911867616,0.5351263293996453,-1.1969923973083496,0.35136752426624296,-0.8539601325988769,-0.7208638489246368,0.15235474351793526,-0.23561327680945396,-0.6165723830461503,0.8850718677043915,-0.24949741065502168,0.1294494727626443,-0.10574616305530071,0.15968003664165736,0.6991064801812172,0.4556844175327569,0.43305091857910155,0.37213111445307734,0.4729525659233332,0.7456219866871834,0.484480269998312,0.8386588141322135,0.7806173920631408,0.6311132401227951,0.37239383459091185,-0.025916174054145813
-0.8515882283449173,0.9161029323935509,-0.4880751520395279,-1.2064941143617034,-0.337851482629776,-0.11247174739837647,-0.2762798935174942,1.2773978233337402,0.2333727926015854,0.5242490686476231,-0.33842912316322327,0.023189067840576172,0.03336143642663956,0.33096361681818964,0.5524987883865833,0.09516229331493378,-0.3423860467970371,-0.3134316295385361,0.6004441022872925,0.02625520285218954,-0.7509961605072022,-0.6516509141772986,0.27784930020570753,0.6565895179286599,-1.1981787353754043,0.4268091648817062,-0.6845495641231537,-0.47512862682342527,0.45034502986818553,-0.0073341868817806246,-0.511833393573761,0.9956179678440094,-0.21767139732837676,0.2842406490817666,0.17031596191227436,0.28577042613178494,0.8858851775527,0.7081450477708131,0.5345995038747787,0.3781397394835949,0.5768516037613154,0.8670906633138656,0.5865738235414029,0.9498986825346947,0.7938269674777985,0.6511087626218796,0.5774335384368896,-0.05542613267898559
-0.6199703603982926,1.137902556359768,-0.23874697983264923,-0.8456553852185607,-0.0837298572063446,0.03673270046710968,-0.029027459025382996,1.342850351333618,0.2752458959817886,0.5509057380259037,-0.34281544387340546,0.12013524770736694,0.025495220720767976,0.14510086104273795,0.43260219171643255,-0.001990249752998352,-0.2283216744661331,-0.5066161692142487,0.5863850593566895,0.23375341352075338,-0.4793208360671997,-0.6389981713145971,0.1520363599061966,0.8759052285924553,-1.0858292400836944,0.6314904123544693,-0.5079828560352325,-0.19536830186843873,0.6985849345102906,0.22962937131524086,-0.38415429592132566,1.0071740925312043,-0.0932361751794815,0.20003774706274272,0.24741511791944504,0.3986936457455158,0.8924089893698692,0.7778323308099061,0.6073113232851028,0.358005540817976,0.7768473897129298,1.0377567440271378,0.6098061107099056,0.9839832529425621,0.8217220902442932,0.6796028643846512,0.8424394428730011,-0.1120331272482872
-0.5575425177812576,1.023143970966339,-0.22774331271648407,-0.6799011936411261,-0.12587786316871644,-0.018194311857223512,-0.009723111987113953,1.3051453590393067,0.18471169769763945,0.46864351723343134,-0.4282807603478432,0.05875485092401504,-0.005711369216442108,0.12906480357050895,0.4891708083450794,-0.027458396553993226,-0.24873933792114258,-0.7331077977782116,0.4548192165791988,0.31298769172281027,-0.34551849365234377,-0.6159099783748389,0.03401037752628326,1.0481525391340256,-1.0396817028522491,0.6626511096954346,-0.3354581356048584,-0.11424164474010468,0.7003126407042146,0.37429736331105234,-0.2218189537525177,1.0367307484149932,-0.24946030080318451,0.35205218140035865,0.34580584019422533,0.5032196350395679,1.0011814653873443,0.9844409779179841,0.6221413999795914,0.35041646286845207,0.6554260637611151,0.8986868023872375,0.5034616760909557,0.8352557346224785,0.6696894198656083,0.5692987889051437,1.0494213223457336,-0.08673258572816848
-0.5641106635332107,0.8510962933301925,-0.26751430332660675,-0.5836279213428497,-0.1029870331287384,0.035104024410247806,0.07877732515335083,1.1427414759993553,0.19095167219638826,0.37129450384527446,-0.5218800649046897,0.06883890479803086,0.09783835262060166,-0.08810258582234383,0.303413862735033,0.1137925922870636,-0.33525662645697596,-0.8174412578111514,0.3359634689986706,0.40362080130726097,-0.19438061416149138,-0.49105427227914333,0.01989987790584564,1.1150352001190185,-0.823007994890213,0.648240527510643,-0.0418683111667633,-0.08814049661159515,0.6170886421576143,0.5298539586365223,-0.02317279577255249,1.038294005393982,-0.3341317892074585,0.12899649683386089,0.30710638761520387,0.7090863712131977,0.6561664640903473,0.8826270744670183,0.7097413867712021,0.38838402554392815,0.591043495759368,0.7020883679389953,0.44361923560500144,0.7110867515206337,0.5355196565389633,0.4537813812494278,1.2094752669334412,0.07964901179075241
-0.5410871177911758,0.672843050956726,-0.41094585955142976,-0.513429868221283,-0.11532606482505799,0.08583437800407409,0.08579743206501007,1.0275256618857385,0.19156157821416855,0.380895116366446,-0.5320879027247429,0.16185594648122786,0.18900391310453415,0.00040634796023368834,0.4486569233238697,0.2014373555779457,-0.4231160871684551,-0.7624459579354153,0.19300607666373254,0.45820851121097805,-0.10634772181510925,-0.3614598270505667,0.03681794106960297,1.021280226111412,-0.6259713470935822,0.5561910003423691,0.06750212237238884,-0.10973205268383027,0.45156341791152954,0.5693723417818546,0.1356707587838173,0.932408481836319,-0.3762295573949814,0.07084604445844889,0.2690450966358185,0.7480728305876255,0.6513071298599243,0.9270711884368211,0.7641562551259995,0.47324629947543145,0.43616993725299835,0.4662789344787598,0.38637246042490003,0.6462949439883232,0.4196774661540985,0.4523363709449768,1.1886893153190612,0.16183963268995286
-0.5672864109277725,0.45268601179122925,-0.37189406603574754,-0.35678571872413156,-0.1388388156890869,0.12454654723405838,0.16814105659723283,0.9307940125465393,0.28771468698978425,0.47197872791439294,-0.4822326347231865,0.322408501803875,0.29749526679515836,0.038356303423643115,0.45135828778147696,0.2054021880030632,-0.372213064879179,-0.5526158109074458,0.14688338860869407,0.5159187713637948,0.034666425362229344,-0.15540518127381803,0.06669789850711823,0.7753912180662155,-0.6397030770778656,0.47133991569280625,0.073271232098341,-0.09176861941814422,0.30307869613170624,0.5207251824438572,0.25044518113136294,0.7698621466755867,-0.43369666039943694,-0.04871749933809042,0.2328106164932251,0.6201269842684269,0.5411616712808609,0.9020635769236833,0.742107954621315,0.4504421643912792,0.2090105175971985,0.24996720552444457,0.3648531034588814,0.6648253768682479,0.3372858643531799,0.488202428817749,1.0288026988506318,0.26704696118831633
-0.600378206372261,0.2989341259002686,-0.40439565032720565,-0.26990825347602365,-0.033120357990264894,0.27121075689792634,0.15511801987886428,1.0198209285736084,0.457868430018425,0.5576037267223001,-0.27316096276044843,0.5366432711482048,0.4133476287126541,0.013619747757911683,0.44679133780300617,0.26630216687917707,-0.447957556694746,-0.3642136052018031,0.060042255371809,0.49327410347759726,0.208500349894166,-0.020763004943728448,0.1519900795072317,0.5101779669523239,-0.46035089194774625,0.34614478796720505,0.20923420712351798,-0.1543368309736252,0.13330715596675874,0.48831198513507845,0.3048474997282028,0.5506156042218209,-0.31347383856773375,0.07857097033411264,0.35057529862970116,0.4754163816571236,0.4910007447004318,0.9017171405022963,0.734123732149601,0.40500648841261866,0.05742399692535401,0.13416476547718048,0.3293582409620285,0.6497076421976089,0.3259370684623718,0.5351068615913391,0.8350963413715362,0.35832250863313675
-0.49757554233074186,0.1796269565820694,-0.29244462475180627,-0.052493218705058096,0.0023416996002197264,0.2719808012247086,0.21628069877624512,0.9272582814330235,0.43581540808081626,0.6427828582003713,-0.1592080369591713,0.7334648415446281,0.5790464729070663,0.1821102499961853,0.48689722307026384,0.28173482716083526,-0.2770384378731251,-0.05285456923302263,0.007585128396749496,0.5163008455187083,0.515207028761506,0.30248602516949175,0.31538580618798734,0.37386257350444796,-0.33541239202022555,0.32838993445038794,0.31284121349453925,-0.005881822854280472,0.0412466824054718,0.6414163798093796,0.5802601546049118,0.5573099330067635,-0.24399664402008056,-0.055284603498876095,0.38071227427572013,0.4098653495311737,0.4602826625108719,0.9017456777160987,0.7360674902796746,0.4839371733367443,0.020495079457759857,0.006349441409111023,0.3066081091761589,0.5329643934965134,0.22037812769412995,0.4715206176042557,0.6844508171081543,0.46933986693620683
-0.5232823461294174,-0.08603461682796479,-0.19678868072805927,0.08253331370651722,-0.029005951434373855,0.1629986882209778,0.17268626689910888,0.9028033301467075,0.3434237979352474,0.6000260295346379,-0.13113592211157082,0.8147614404559136,0.651319396495819,-0.03290396332740784,0.21574209220707416,0.37483384311199186,-0.22460627034306527,0.14233351501170546,-0.14257141724228858,0.4590741727501154,0.7003635112196207,0.5069643784314394,0.4694837149232626,0.19375483095645904,-0.38110198080539703,0.19433706179261206,0.32830648198723794,0.04522709771990776,-0.07189206480979919,0.7060524940490722,0.6623815625905991,0.4281311631202698,-0.2616658002138138,-0.13526050504297019,0.44708489831537007,0.34153720140457156,0.3107917994260788,0.8751491550123319,0.7753065401688218,0.4810206338763237,-0.1380405083298683,-0.2346535950899124,0.1540156587958336,0.23460689485073088,-0.05333835780620575,0.2309250205755234,0.49832082986831666,0.5731101796030998
-0.49753622710704803,-0.3839235156774521,-0.23949949162779377,0.14162988383322955,-0.11484749391674995,-0.0073513656854629515,0.03872084617614746,0.8023242578143254,0.12247085794806481,0.47148541230708363,-0.10965904537588358,0.8478599950671196,0.6507217198610306,0.10314902663230896,0.28928537480533123,0.4668378382921219,-0.18887441977858543,0.2615597233409062,-0.3005883045494556,0.38421276547014716,0.7810937467962503,0.638202540948987,0.6128726717084646,0.04096769392490387,-0.24273928105831147,0.09161341562867165,0.2842615060508251,0.04695737883448601,-0.2669398792088032,0.7944830536842347,0.7754566699266434,0.31692429035902026,-0.24319634735584258,-0.009743614494800568,0.4339767700061202,0.3388212263584137,0.4358884125947952,0.890423584333621,0.7978866005316376,0.5561369717121124,-0.4121805027127266,-0.36853642761707306,-0.052506937831640246,-0.07382873594760894,-0.21961231231689454,0.04210344254970551,0.3802811473608017,0.6492657020688057
-0.5167153626680374,-0.6690791457891464,-0.2572323026019149,0.13980041295289994,-0.29412747994065286,-0.179873988032341,-0.12712058424949646,0.6503856703871861,-0.05624757185578346,0.3390735434368253,-0.18759580347687005,0.8245584294199944,0.5690291807055473,0.11174394488334656,0.18765265457332134,0.440152794867754,-0.15992225632071494,0.2810545787448063,-0.460040558129549,0.24355566017329694,0.7077950019389391,0.6528590433299541,0.6025395229458809,-0.20842770636081695,-0.19603225588798523,-0.04676921591162682,0.2323615960776806,0.036982374638319014,-0.39479044154286386,0.8297349512577057,0.8111103817820549,0.26677466472610833,-0.3172361582517624,-0.1446709543466568,0.3822968011721969,0.23439372777938844,0.34534071683883666,0.5874434415018186,0.6404030466452241,0.4712715208530426,-0.6558735206723213,-0.5816285163164139,-0.265789108723402,-0.32386705577373504,-0.3891469180583954,-0.1257647842168808,0.20425987541675567,0.6070323064923286
-0.659108218550682,-0.8965569347143173,-0.4690288485842757,-0.0594039186835289,-0.49732041731476784,-0.3079204440116882,-0.5055796682834626,0.5211253628367558,-0.24447330012917518,0.13002060521394015,-0.1901845434680581,0.7161496937274933,0.3474926456809044,0.05994122624397278,0.1267038147896528,0.34719460681080816,-0.3605212889611721,0.1264487341279164,-0.6998324759304524,-0.01049911268055439,0.4508203525096178,0.45512068197131156,0.48201249837875365,-0.6230279594659806,-0.1613828033208847,-0.260159882158041,0.276097422093153,-0.09449117258191109,-0.5486152797937394,0.6742291003465652,0.6546700343489646,0.07138169845566153,-0.3623249262571335,-0.13610923774540423,0.2758630311116576,-0.012996494770050049,0.34991892576217654,0.38926312362309545,0.3721755171194673,0.2634912014007568,-0.8414501562714577,-0.7535368233919144,-0.47689571902155875,-0.6371126383543014,-0.5680780529975891,-0.34285151660442353,-0.19309966266155243,0.5040338397026062
-0.7211788982152939,-0.903347858786583,-0.6793444486218505,-0.16776299774646758,-0.5036100782454014,-0.40714624524116516,-0.7371455937623977,0.44878991397563367,-0.40337492898106575,-0.019579462707042694,-0.22847813311964274,0.6331060633063317,0.08583531826734543,0.10590987205505371,0.023743274435400964,0.07095256522297859,-0.5313922517001629,-0.01822044253349304,-0.8974480658769608,-0.2273246306926012,0.2472458202391863,0.29081361219286916,0.23393286466598512,-1.0062963753938674,-0.16960882395505905,-0.5080829821527004,0.18998630940914155,-0.13354465812444688,-0.6374812722206116,0.540207638964057,0.40372530072927476,-0.0634826616384089,-0.38204661309719085,-0.15432644626125694,0.14770954120904206,-0.2772611498832703,0.33312705159187317,0.17439958488103002,0.04236663822084665,0.009825944900512695,-0.881128479540348,-0.8155303746461868,-0.5531690172851086,-0.7689429312944412,-0.6159086465835572,-0.47188996970653535,-0.5776797384023666,0.24789698123931886
-0.7237843066453934,-0.8615456551313401,-0.8600362034398131,-0.30920849051326516,-0.6169439472258091,-0.5160859644412994,-0.9496491968631744,0.4544901840621606,-0.512318453937769,-0.20169152319431305,-0.0588601166382432,0.5149216309189797,-0.21543646603822708,0.2351472869515419,0.16272071264684201,-0.23562996909022332,-0.6543475717306138,-0.10514190942049026,-0.9488211065530777,-0.44193470403552054,0.04527322538197041,0.10882995650172234,-0.02260986566543579,-1.4067544251680375,-0.14886688739061354,-0.7469974361360073,0.1574264198541641,-0.16187140271067618,-0.6811582088470459,0.36575347147881987,0.09858863204717636,-0.3351189867593348,-0.39525326192378996,-0.016044440772384407,0.136832563765347,-0.638248598575592,0.4023958042263985,0.05391484831925482,-0.31881288047879935,-0.2690607190132141,-0.9618583455681801,-0.8827368289232254,-0.6629276089370251,-0.794081500172615,-0.8000219404697418,-0.5837057739496231,-1.0602842062711715,-0.14494353532791138
-0.731063249707222,-0.8453870743513108,-0.9980493696290068,-0.4136850794777274,-0.6492707170546055,-0.60833580493927,-1.1426585406064986,0.32902814077679066,-0.6932745270431042,-0.43254241943359373,0.03215708155184984,0.34228544384241105,-0.4557195320725441,0.135800863802433,0.11515742279589176,-0.4501380078494549,-0.7261824101209641,-0.19636489748954772,-0.9514507204294205,-0.5889247171580791,-0.03214095644652844,-0.059332907944917676,-0.3062883496284485,-1.686965000629425,-0.2708104595541954,-0.9512001000344753,0.2044934995472431,-0.16086791083216667,-0.6057819426059723,0.22310854755342008,-0.23148440271615983,-0.5330924765206874,-0.4248316019773483,-0.07999519249424339,0.15012967332731933,-0.8758246302604675,0.21663652807474137,-0.19481831456068904,-0.6653354858979583,-0.5692231178283691,-0.9748819842934608,-0.8911891847848892,-0.6759972326457501,-0.9543004751205444,-0.9469557136297226,-0.7702772885560989,-1.419319787621498,-0.5624473452568054
-0.6265477269887925,-0.6972511664032937,-1.1171148257213646,-0.4413142601028085,-0.6333195365965366,-0.6543616905808449,-1.2468748465180397,0.2726200051838532,-0.8569258265197277,-0.6843462109565734,0.17182948011904955,0.21093226224184036,-0.6553946509957314,0.1330372706055641,0.15218412764370443,-0.6228707782924175,-0.6658882752060891,-0.24952734559774398,-0.8929536491632462,-0.6821127288043499,-0.0437142763286829,-0.15068842545151712,-0.5113637268543243,-1.707983410358429,-0.12954574078321457,-1.00458739772439,0.3210532866418362,0.028653544932603837,-0.4166370302438736,0.23901350237429142,-0.4550868526101112,-0.602069351170212,-0.2838372141122818,-0.06628721496090292,0.18188350542914122,-0.8725191295146942,0.3249873027205467,-0.3277394082630053,-0.8418336963281036,-0.7262925565242767,-0.8521230950951576,-0.7525351289659739,-0.5660876713693141,-1.0797805547714234,-0.9302328184247017,-0.8942645400762558,-1.5423606961965561,-0.8822956442832947
-0.5256660252809524,-0.6623782634735107,-1.111325778241735,-0.42606732044368983,-0.6177257277071476,-0.7084083914756775,-1.2745188489556312,0.07547375338617712,-1.0948314242064954,-0.9106591641902924,0.2003408433869481,0.10281765460968018,-0.8305221870541573,0.04050881415605545,0.1132502131164074,-0.6750831358134747,-0.5469543471932411,-0.33617140501737597,-0.8429781090002507,-0.7377998374402523,-0.11426186002790928,-0.22813759073615075,-0.7722658097743988,-1.6997516751289368,-0.13929282277822494,-0.97609389051795,0.4232241176068783,0.30676609352231027,-0.2152983546257019,0.3004480544477701,-0.6039359048008919,-0.5930063457228243,-0.3027536302804947,-0.09161971053108572,0.13469086575787514,-0.8262790083885193,0.1157918855547905,-0.37288576252758504,-0.9615207633003593,-0.8597417712211609,-0.724043782055378,-0.7403512332588434,-0.5738350503146649,-1.2557827413082123,-1.0359339073300362,-1.072526428103447,-1.544150349497795,-1.14273344874382
-0.46644950956106185,-0.6682847186923027,-1.234415266837459,-0.5043886879459023,-0.5550876155495643,-0.7155866652727128,-1.331449031829834,0.029482265561819078,-1.2148303925991057,-1.1536468267440796,0.2946368785575032,-0.013470448553562164,-1.037727452814579,0.06144847422838211,0.10339254960417747,-0.6694852389395237,-0.5161808557808399,-0.5119723066687584,-0.8430757294874638,-0.8172038666903972,-0.30670506991446017,-0.3969954214990139,-1.0654052674770356,-1.8664414227008819,0.11852586418390273,-0.9988882660865783,0.5457998402416706,0.3680230423808098,-0.12037252783775329,0.2908578161150217,-0.8457267001271248,-0.7512419671751559,-0.24763699024915695,0.09891190389171242,0.19970008421223612,-0.8632386505603791,0.16514566987752916,-0.3827469267882407,-1.1003782203420998,-1.0642179101705551,-0.7369261011481285,-0.7467063758522272,-0.7001865960657596,-1.3538399934768677,-1.1518032833933831,-1.2121149539947509,-1.667133131623268,-1.390064799785614
-0.44908068925142286,-0.6104129955172539,-1.2844715923070908,-0.5591797089204192,-0.5882034786045551,-0.7093780785799026,-1.2800289541482925,-0.08765575662255287,-1.320541614294052,-1.2755631700158119,0.3214307975023985,-0.1384494736790657,-1.232223878800869,0.2396285727620125,0.23239270076155663,-0.6393813824281096,-0.45251886621117593,-0.6226206198334694,-0.7963702644687146,-0.8821802459657192,-0.48714636601507666,-0.5147924803197383,-1.3473745107650756,-2.03875772356987,0.1869605675339699,-0.914074932038784,0.5652776964008808,0.4540576323866844,-0.02998582124710083,0.18787450529634953,-1.0165664032101631,-0.9164507047273218,-0.24791591465473176,0.1527854667045176,0.1607890574960038,-0.9876078277826309,0.23091647475957872,-0.454443431366235,-1.2844456017017365,-1.1990846931934356,-0.7172928646206855,-0.7580783698707819,-0.8159389652311801,-1.370183777809143,-1.1761158987879754,-1.2280811548233033,-1.844683328270912,-1.6582435935735702
-0.5530095025897026,-0.6568329513072968,-1.2345219373703002,-0.6246778244152665,-0.6330202467739582,-0.6652108073234558,-1.2288356393575668,-0.23828934207558633,-1.3947812259197234,-1.376129974424839,0.28536950461566446,-0.2512913152575493,-1.3841210409998894,0.13105460554361342,0.15284163877367973,-0.6916175780817866,-0.48481482788920405,-0.6794340997934342,-0.7584695290308445,-0.9401196278631687,-0.6485740561038256,-0.6153239361941815,-1.5793063342571259,-2.124789535999298,0.03030812293291092,-0.8188297197222709,0.5767404779791832,0.4263765081763268,0.019587541371583937,6.69870525598526e-05,-1.232469417154789,-1.0554838300682605,-0.3476209282875061,-0.04408493181690574,0.010111632826738059,-1.1007920980453492,0.06829383224248886,-0.6458213572390378,-1.4429942607879638,-1.3569452822208405,-0.6871724590659142,-0.8758551929146051,-0.8550731241703033,-1.4739680290222168,-1.3459018722176552,-1.344046700000763,-1.998323768377304,-1.8044194459915162
-0.5434169813990593,-0.5181419312953949,-1.1348022550344468,-0.5627324178814888,-0.5472099579870701,-0.5199366748332978,-1.0702940016984939,-0.2844774216413498,-1.4136671006679535,-1.4121973156929015,0.33070795200765135,-0.29361060112714765,-1.4119656205177307,0.11701476126909256,0.15070553347468377,-0.7051327576860785,-0.5032122179865837,-0.6205130159854889,-0.6351270745974034,-0.9049619004130364,-0.6881546203047038,-0.6212949577718974,-1.632481873035431,-1.9770562320947647,0.02813184857368469,-0.5779158338904381,0.611134885251522,0.47863460034132005,0.15541660264134408,-0.06389614306390286,-1.3411806881427766,-1.0892056941986084,-0.2812943935394287,-0.0558137564919889,-0.07697780143935233,-1.015700450539589,0.014693499356508256,-0.6266939823515714,-1.423532848060131,-1.311003927886486,-0.5216263517737388,-0.9088122937828302,-0.7817385494709015,-1.4486413478851319,-1.3982276931405067,-1.3552870452404022,-1.9857710242271422,-1.8105775475502015
-0.3637207731604576,-0.3989448368549347,-0.7861053675413132,-0.29786182194948196,-0.36136411800980567,-0.31670863032341,-0.7492695361375808,-0.3819133847951889,-1.4459425032138824,-1.3493879944086076,0.3234562423080206,-0.3033647555857897,-1.2774705160409212,0.08403566628694534,0.16068614181131124,-0.6107212891802192,-0.3135399088263512,-0.3652534544467926,-0.3666792224626988,-0.7586114391684532,-0.5291417364031077,-0.45544175542891024,-1.5229903891682626,-1.734563660621643,0.02626469135284424,-0.2801748260855675,0.5374781653285027,0.6940050944685936,0.31280114948749543,-0.02823825739324093,-1.2932682633399963,-0.9721179485321045,-0.17037723660469056,-0.2035017098300159,-0.020357248303480447,-0.817375835776329,-0.08213243409991264,-0.6243126039393246,-1.248651348054409,-1.1417361035943032,-0.2797645732760429,-0.8438570026308299,-0.6006181597709656,-1.409873867034912,-1.3272941458970309,-1.2245742723345756,-1.7637443125247956,-1.70119358189404
-0.20669660419225694,-0.2749814972281456,-0.450410994887352,-0.13217155486345292,-0.2224622167646885,-0.11865839958190919,-0.5171103447675705,-0.38165138065814974,-1.369284850358963,-1.2800748616456985,0.38058468196541073,-0.28458230681717395,-1.0994156204164027,-0.015263326466083527,0.18336875643581152,-0.5329743376001715,-0.0885382279753685,-0.10940291285514832,-0.12546579944901168,-0.6154691562056541,-0.40952299274504184,-0.3014480654150248,-1.3261988684535027,-1.4281749725341797,0.009003614634275436,0.024433232843875885,0.590506387501955,0.8441152088344097,0.4520984411239624,0.0387458898127079,-1.1132645413279534,-0.7687810778617858,0.09159852862358094,-0.1971568427979946,0.11619479830842465,-0.5913538545370102,-0.09298402592539787,-0.5044165496714413,-1.05777797549963,-0.9423378899693489,-0.012635688483715057,-0.7243698898702859,-0.49409926533699033,-1.2930619299411774,-1.2241898525506258,-1.1030442699790002,-1.472069466114044,-1.4785559017211198
-0.054401709139347075,-0.13285786062479019,-0.19776085019111633,0.08192980140447617,0.01636112555861473,0.07268388569355011,-0.3289434615522623,-0.46825571581721304,-1.3474174559116363,-1.1675479501485824,0.31347084883600473,-0.21462530680000783,-0.9322001002728939,0.04006858766078949,0.13232576083391906,-0.3557897498831153,0.10027265101671219,0.07656134366989135,-0.014831102965399624,-0.46163826435804367,-0.3158458832651377,-0.10937845148146152,-1.1759463533759118,-1.0050477743148805,0.062348856776952746,0.2894840970635414,0.5598378367722034,0.9981370210647583,0.6492256224155426,0.12850841358304024,-0.919440808147192,-0.379212486743927,0.2463458627462387,-0.30762053206562995,0.2068290340481326,-0.2965675324201584,-0.056148112565279004,-0.3693829213269055,-0.8567161723971367,-0.7425772115588188,0.2219853773713112,-0.5054696355015039,-0.34608972668647764,-1.2437913537025451,-0.9901259530335664,-0.9342371731996536,-1.0180920004844665,-1.190483533218503
0.07790198773145676,-0.08277709037065506,-0.0030326299369335175,0.19987437427043914,0.14820245131850243,0.20394780859351158,-0.16952882446348666,-0.4224259130656719,-1.25499986410141,-1.081618520617485,0.29257736038416626,-0.22211489267647266,-0.8857793591916561,0.1502894014120102,0.12755708452314138,-0.25578076746314765,0.21344642490148544,0.1810370057821274,0.0865154076833278,-0.4408611699938774,-0.3780134204775095,-0.004573992639780045,-1.0346207305788995,-0.6521564275026321,0.21041695401072502,0.456352798640728,0.645068297535181,1.1503596544265746,0.7810658574104309,0.1799207918345928,-0.7697210393846035,-0.10427119731903076,0.4306898325681686,-0.32450198084115983,0.2968346744775772,-0.12242708057165146,-0.05469171479344368,-0.20513551579788328,-0.6745022423565388,-0.588851660490036,0.28449939638376237,-0.4216505292803049,-0.4326391458511353,-1.123874878883362,-0.9190404165536166,-0.8759729117155075,-0.613830029964447,-0.9271377686411142
0.020425330102443694,-0.08623209893703461,0.04302445724606514,0.1738281399011612,0.2056732915341854,0.3264135800302029,-0.08090176321566105,-0.46676304563879967,-1.1994804233312606,-0.9929998308420181,0.23023443650454284,-0.25058601684868337,-0.8986396335065365,0.16333047449588775,0.10416437443345786,-0.08292472269386053,0.14875716865062713,0.23492412120103837,0.12884761658497154,-0.45235500782728194,-0.5805000975728035,0.036258920282125476,-0.9297061368823052,-0.3983650118112564,0.15212411507964135,0.5763708755373955,0.5510430656373501,1.065965374931693,0.6864181190729142,0.11224599033594132,-0.6804984770715237,0.01767159700393677,0.36889430582523347,-0.22061920911073685,0.31673901379108427,-0.035546140372753145,-0.14509645476937294,-0.01662454353645444,-0.5230882443487644,-0.444893416762352,0.22136901766061784,-0.4271907411515713,-0.5393724888563156,-1.036390582472086,-0.885103851184249,-0.8390584938228131,-0.3635218501091003,-0.735720307007432
-0.04970783740282059,-0.13200995773077012,0.035915500670671466,0.21210324484854937,0.20405659899115564,0.38447774574160576,0.028324798867106437,-0.4899000577628613,-1.1252135902643203,-0.9190189987421036,0.09444439839571714,-0.39018676318228246,-0.8415613494813442,0.3109769970178604,0.1282519092783332,0.056633074022829535,0.12888528108596803,0.3631314352154732,0.18426357880234717,-0.4004997029900551,-0.7251410827040672,0.18214740976691246,-0.7924448147416114,-0.13931792080402375,0.1603584460914135,0.587290033698082,0.44622928723692895,0.9847535844892263,0.6571059763431549,0.014816366136074066,-0.6252176843583583,0.05632566139101982,0.3085257887840271,-0.34303490072488785,0.3806702733039856,0.08682594746351242,-0.12918197885155677,0.08669441295787692,-0.3338008500635624,-0.23964621424674987,0.11188692599534988,-0.47760328724980355,-0.5723414689302444,-0.9722071386873722,-0.9088227625936269,-0.7756403557956218,-0.18011775612831116,-0.6105933908373118
-0.2218828856945038,-0.0634079247713089,0.08734284117817878,0.235293504409492,0.18786439299583435,0.5244148723781109,0.07215047888457775,-0.4945734106004238,-1.0176411300897599,-0.8391915291547776,-0.00831290204077959,-0.4764393914490938,-0.7829514108598232,0.07958838641643524,0.043809046410024165,0.23847712073475122,0.023076600581407546,0.5095916047692299,0.29706358090043067,-0.321972618997097,-0.7704947158694267,0.34519085511565206,-0.5644776478409768,0.22738352715969085,-0.13366904333233834,0.557306031882763,0.3501968763768673,0.834970497712493,0.5664810001850128,-0.17339367419481277,-0.5932115279138088,0.0256812684237957,0.3485166296362877,-0.424792455136776,0.47506624162197114,0.2735555872321129,-0.12570816650986671,0.284276083111763,-0.07481949701905251,0.017791402339935303,0.1986207127571106,-0.44357624389231204,-0.5334898322820664,-0.8952919699251651,-0.7384656842797994,-0.6434515587985515,0.11609824299812317,-0.408315784111619
-0.320236137509346,-0.1554819494485855,-0.007402130216360092,0.24580012653023003,0.12112470269203186,0.5302512265741826,0.02799435369670391,-0.61225191578269,-0.9511936217546463,-0.7889142543077469,-0.055376424081623556,-0.5693324912339449,-0.6058427892625332,0.1918237954378128,-0.07112781796604395,0.4386916495859623,-0.040291758626699446,0.6621464028954506,0.31529623046517374,-0.20813697427511216,-0.7497245326638222,0.5358047805726528,-0.34020615369081497,0.6306603640317917,-0.08428178429603576,0.42893086373806,0.2285166524350643,0.6834331896156073,0.40717155337333677,-0.21196372359991072,-0.431091421097517,0.19400424361228943,0.25681855976581575,-0.5249169215559959,0.5200115352869034,0.527364806830883,-0.22052547708153725,0.37742445319890977,0.2085397444665432,0.2866034865379333,0.13727565109729767,-0.45710600949823854,-0.46265322864055636,-0.9460669972002507,-0.7102834161370992,-0.5824694387614727,0.5150621592998504,-0.12378937639296055
-0.4389237701892853,-0.21693918257951736,-0.11137492582201958,0.25454158503562213,0.040203630924224854,0.41465277746319773,-0.06227107532322407,-0.538274423032999,-0.79029331356287,-0.7476218968629837,-0.0954041825607419,-0.600454930588603,-0.5369126163423061,0.16651596128940582,-0.12380753252655267,0.6024131923913956,-0.1543452225625515,0.7088471114635467,0.22569082900881768,-0.19089252650737762,-0.7245593823492527,0.6534694127738476,-0.16880652755498887,0.7844418399035931,-0.09007875919342041,0.21814651191234588,0.1480942726135254,0.5554944720119238,0.24682649374008178,-0.2117667481303215,-0.3340392343699932,0.20930368304252625,0.22187912762165068,-0.5219602808356285,0.6072664290666581,0.5979797407984734,-0.2021784342825413,0.3870405450463295,0.3559007339179516,0.443045312166214,0.0790757343173027,-0.4972587738186121,-0.5491518676280975,-0.862358508259058,-0.6654708441346884,-0.5357109420001507,0.7030779503285884,0.04293010197579861
-0.6336610287427902,-0.3164127305150032,-0.2884307287633419,0.1429132791236043,-0.06194151639938354,0.3015495665371418,-0.18034175522625445,-0.5619091853499413,-0.710281528532505,-0.7719538003206253,-0.1421324661001563,-0.6982168089598417,-0.496144662797451,0.15946336686611176,-0.24296678695827723,0.7414030134677887,-0.29758087992668153,0.684066285379231,0.08036612793803215,-0.24398211836814881,-0.6938271850347519,0.6696952279657126,-0.06410671919584274,0.7615742079913617,-0.17041944116353988,-0.05198233425617218,0.021259939670562743,0.26791264675557613,-0.018492865562438964,-0.41502494364976883,-0.2600891225039959,0.16366252899169922,0.054427459836006165,-0.483801406621933,0.5443809330463409,0.429159976541996,-0.14703657627105712,0.43083003759384153,0.35207344815135,0.423034256696701,-0.017451436817646028,-0.5263282928615809,-0.6311710745096206,-0.8411363877356053,-0.562488180026412,-0.5354863338172435,0.739418926090002,0.15172090493142604
-0.9647147744894028,-0.4416884914040565,-0.6128450177609921,-0.09270261805504561,-0.32211540937423705,0.12193396762013435,-0.3424700368195772,-0.5658211871981621,-0.6332724049687386,-0.8413485705852508,-0.2474397948011756,-0.7824052087962627,-0.49834504872560503,0.2726718490943313,-0.2908979021012783,0.7322312228381633,-0.5724433124065399,0.5818431722000241,-0.058707295358181,-0.32217072397470475,-0.759616170078516,0.5809389349073172,-0.05016463547945023,0.690214454382658,-0.34390818923711775,-0.2899874895811081,-0.18248584866523743,-0.10360857583582402,-0.324823796749115,-0.7169937327504158,-0.2585770659148693,0.002187454700469971,-0.21760769784450532,-0.4370393931865692,0.41043156385421753,0.18453373461961747,-0.1054674431681633,0.3960854887962341,0.19828039333224295,0.3156689077615738,-0.26668880730867384,-0.6674457672983408,-0.7315200746059418,-0.794006685167551,-0.6214221201837062,-0.6076653011143207,0.6767369292676448,0.15834587328135968
-1.2951251477003098,-0.4595324069261551,-0.8489397190511226,-0.2721092371270061,-0.48692845106124877,0.004099196940660477,-0.47975444085896013,-0.5710035815835,-0.5606330886483193,-0.8659644067287445,-0.3648519966751337,-0.891268526762724,-0.4713903468102217,0.1871191119775176,-0.5184612415730954,0.712037592381239,-0.856148236989975,0.47148789344355463,-0.029467211663722993,-0.28342283293604853,-0.7729320384562015,0.40249445401132106,-0.023951704800128936,0.5922902699559927,-0.5345026634633541,-0.5259705275297165,-0.43727741837501527,-0.49775354005396366,-0.559056532382965,-1.0530097022652627,-0.3095508851110935,-0.33085633516311647,-0.4759434908628464,-0.6527439035475254,0.1541151523590088,0.0010070160031318664,-0.2089494600892067,0.28246975541114805,0.13629221245646478,0.17729470431804656,-0.3699568405747414,-0.7206552688032388,-0.5603671550750733,-0.6956681586802006,-0.6168211542069912,-0.5539370484650135,0.5803783215582371,0.16290940754115582
-1.5872860252857208,-0.357024735212326,-1.0152773551642895,-0.44355049412697556,-0.5850530087947845,-0.083522217720747,-0.6045059159398078,-0.4682595990598202,-0.47128794342279434,-0.8199465960264206,-0.3955252546817064,-1.0129364065825939,-0.3358508627861738,0.06737861391156912,-0.6548133954405785,0.5798418812453747,-1.02222181558609,0.4322710054926574,0.17088019996881484,-0.1885823629796505,-0.7567403711378574,0.21992441974580287,0.0762788936495781,0.4737798374146223,-0.7227374576032162,-0.6804778009653092,-0.6906873941421509,-0.8543439541012049,-0.7906741619110107,-1.3837408319115638,-0.3512543886899948,-0.6797979474067688,-0.6284154772758483,-0.6161068357527256,0.010483470559120179,-0.17678809612989427,-0.20222698003053666,0.20606444478034974,0.14639853313565254,0.1226423516869545,-0.3250721409916878,-0.7169245544821023,-0.37646706104278566,-0.5333983279764652,-0.5297767780721188,-0.4349160574376583,0.48448788896203043,0.17091723196208478
-1.7985054135322571,-0.16987066864967346,-1.0858102679252624,-0.49817004334181547,-0.5344285786151886,-0.09457428427413106,-0.6854266956448555,-0.392502012103796,-0.33922441154718397,-0.6602008879184723,-0.4036964390426874,-0.9594251446425914,-0.07461213283240795,-0.016702201403677463,-0.7051986083388329,0.5283893994987011,-1.0682081252336502,0.3887560802511871,0.330312480032444,0.008753698319196701,-0.5955494277179241,0.15268586575984955,0.18095124512910843,0.4658675234764814,-1.0290025256574153,-0.8210629642009735,-1.0064591407775878,-1.088060012832284,-0.8827761113643646,-1.5900606572628022,-0.3423651993274689,-0.8621986746788025,-0.7928471505641937,-0.639003224670887,-0.039504450559616086,-0.22295753955841063,-0.09598713964223862,0.21650332808494568,0.1767399787902832,0.10925084054470062,-0.09391617327928543,-0.6583701137453317,-0.15784903168678283,-0.3115840770304203,-0.32219100221991537,-0.24110185727477074,0.4248103864490986,0.21679566167294978
-1.816248619556427,-0.06028785109519959,-1.1032024562358855,-0.5266958905383945,-0.488058602809906,-0.17863351972773672,-0.8609031304717064,-0.15045061931014062,-0.1227739080786705,-0.464828360080719,-0.3439763251692057,-0.8293697737157345,0.14112475104629993,-0.013543268479406834,-0.7810412123799324,0.4302529864013195,-1.1005860954523086,0.2310669737868011,0.3535034961998463,0.15857375785708427,-0.39337061569094656,0.015781170129776,0.24872437119483948,0.36662867181003095,-1.0701237551867961,-1.049180805683136,-1.0884035766124724,-1.1997113585472108,-0.9064909040927887,-1.648452228307724,-0.28735665529966353,-0.9519966125488282,-0.6813218533992768,-0.672490106523037,0.016337984800338747,-0.24576789401471616,-0.05934661328792572,0.09469488263130188,0.20549431145191194,0.08966992273926735,0.008684083819389343,-0.6098174404352903,-0.009991881251335145,-0.17486488819122314,-0.16450613737106323,-0.08416975140571595,0.406359875947237,0.22279940806329251
-1.7682485461235047,-0.005480335652828216,-1.0658197045326232,-0.5640238031744957,-0.5161283135414123,-0.2793381837196648,-0.9997556507587433,0.09696048274636268,0.17885514050722123,-0.18595633506774903,-0.13145836628973484,-0.5706414602696895,0.276731850579381,0.10871458407491445,-0.789688378572464,0.3301445785909891,-1.1019706755876542,-0.012046222109347582,0.26936177387833593,0.22777543291449548,-0.1252981059253216,-0.10588757395744323,0.30081758350133897,0.24388740174472331,-1.1552924625575542,-1.158288711309433,-1.212100338935852,-1.2730620950460434,-0.9974913835525513,-1.582511156052351,-0.15216964334249497,-0.8929785721004009,-0.5861118510365486,-0.5390038952231407,0.05050846636295318,-0.3008331563323736,0.1982673078775406,0.11464812755584716,0.18210246562957763,0.07057455256581306,0.004731246829032898,-0.4694543745368719,0.060640395432710645,0.16081128716468812,0.13043623566627502,0.10905156135559083,0.38716253712773324,0.27129819355905055
-1.7004154741764068,-0.13207522481679917,-1.0608307540416717,-0.6311879973858595,-0.4978752754628658,-0.4106671390123665,-1.1830520331859589,0.3043190635740757,0.46299694329500196,0.10991930365562438,0.07379719130694866,-0.33845491632819175,0.31434293459169566,0.15378672834485768,-0.8450027048587799,0.1931950870901346,-1.1693591147661209,-0.33926694812253116,0.006746415048837662,0.10703931376338005,-0.030833592265844346,-0.3776812732219696,0.22485137432813646,0.002540076896548271,-1.1928180865943432,-1.290100133419037,-1.3417754948139191,-1.3554056376218795,-1.117000687122345,-1.4959949605166911,-0.10171348005533218,-0.8540314607322216,-0.6715709730982781,-0.5291500091552734,-0.17892281711101532,-0.4508904006332159,0.13264917135238646,-0.18180683851242066,0.056433281302452086,-0.07656012699007989,-0.18233788311481475,-0.43883615732192993,0.1108662597835064,0.3648927628993988,0.28726949691772463,0.25332614183425906,0.20250983908772469,0.21018551848828793
-1.652134084701538,-0.1400873765349388,-0.9489195883274079,-0.7333120789378882,-0.3599461130797863,-0.3960320512764156,-1.264585304260254,0.6037182964384555,0.7195524290204048,0.4124019622802734,0.18641190193593501,-0.12405233010649681,0.25507287452928723,-0.08365471605211497,-0.8829146206378937,-0.04018192850053311,-1.2176863998174667,-0.6275476616807282,-0.16424782946705818,-0.032169736176729205,0.013016431778669357,-0.707265442609787,0.1333393022418022,-0.20941688306629658,-1.2739213287830353,-1.3055750012397767,-1.4160332679748535,-1.4131577432155609,-1.1504240036010742,-1.4403285913169384,-0.13502371460199356,-0.9176702737808228,-0.603519219905138,-0.4341511234641075,-0.3809824973344803,-0.6023995663970709,0.2194437265396118,-0.24830018132925033,-0.06620017886161804,-0.22921724244952202,-0.11219015419483185,-0.15644341707229614,0.12191485688090324,0.5836084425449372,0.602323055267334,0.4380332946777344,0.05104891732335091,0.08789422176778316
-1.5251435697078706,-0.12197832912206649,-0.8626794687006623,-0.8003665477037429,-0.3450573138892651,-0.3899349610321224,-1.3138387084007264,0.6474124900996685,0.8140626966953277,0.6632922887802124,0.2555627342313528,0.00429038405418396,0.2186107404064387,0.0765971278771758,-0.813529260084033,-0.29447875581681726,-1.0978010699152947,-0.8026267570443452,-0.23969833329319953,-0.16675680354237557,-0.03508649468421936,-0.9891391515731811,-0.018057124316692354,-0.2683519911020994,-1.2034764394164086,-1.213995349407196,-1.4269598007202149,-1.392826145887375,-1.1228449642658234,-1.4623184733092784,-0.12835874706506728,-0.7215544044971466,-0.6696480430662632,-0.3830132529139519,-0.5110581308603287,-0.7008054878562688,0.2703506663441658,-0.31364119201898577,-0.22136662304401397,-0.3703369311988354,-0.1335890397429466,0.02543235123157501,0.1416347198188305,0.7637030899524688,0.7208885997533798,0.5636151507496834,0.025667573511600494,-0.04464006163179875
-1.4440024733543395,-0.1294557198882103,-0.806521468469873,-0.8830037504434586,-0.2947871617972851,-0.377282992284745,-1.46949143409729,0.7042043797671795,0.842025400698185,0.7856515377759934,0.3016767382621765,0.04726760718040168,0.0586573391687125,-0.06099272612482309,-0.8494499068707227,-0.5714347060769797,-1.0989629670977592,-1.0140126078389584,-0.2575537092983723,-0.288047344237566,-0.16255197897553444,-1.3007886230945587,-0.1993563875555992,-0.35103899650275705,-1.240212343633175,-1.2362213015556336,-1.5263181328773499,-1.36357324719429,-1.1493786990642547,-1.4196474127471448,-0.2065620318055153,-0.6698047786951065,-0.5744025237858296,-0.496546870470047,-0.7326698809862137,-0.734757962450385,0.27035959511995317,-0.43247071504592893,-0.3486026033759117,-0.4900346644222736,-0.09769604504108428,0.22295471131801606,-0.003779835253953934,0.7574733257293701,0.7943413272500038,0.5776234641671181,0.016379396617412566,-0.22153259254992008
-1.2469909518957139,-0.1374734565615654,-0.7592151692602783,-0.9210776001214981,-0.1927445001900196,-0.35615502325817944,-1.5381048917770386,0.7943990938365459,0.895619985461235,0.9025303214788437,0.38479438200592997,0.11463097888045012,-0.040531743736937645,0.05963142514228821,-0.8620101552456617,-0.6766856480389833,-1.0155486389994621,-1.2352664171718062,-0.3388120740652084,-0.3952048830688,-0.27963559329509735,-1.527539312839508,-0.32795175313949587,-0.3393684159964323,-1.039175023138523,-1.2424237489700318,-1.3831212520599365,-1.2955251634120941,-1.1282170593738556,-1.3167340569198132,-0.23468583971261978,-0.5565082669258118,-0.4612943470478058,-0.3311169743537903,-0.7399791866540909,-0.644786485657096,0.3757860600948334,-0.4117233633995056,-0.37572324126958845,-0.5090765424072743,-0.14897541105747222,0.26266918480396273,-0.1292239524424076,0.8366764038801193,0.7972110643982887,0.51990956813097,-0.004552824795246125,-0.30645416378974916
-1.0545635849237442,-0.10604656711220742,-0.6257018728647381,-0.9128243595361709,-0.03457413092255592,-0.2742324802093208,-1.5165837943553924,0.8842786841094494,0.9437204789370298,1.044089025259018,0.5568458355963231,0.23999340194277466,-0.19970236537046732,0.12032384276390076,-0.7460158567875623,-0.7413872707635164,-0.9002155169844628,-1.4569827288389205,-0.5273181945085526,-0.48400429636240005,-0.29653164446353913,-1.6737582564353943,-0.4895694762468338,-0.4292184844613075,-1.0271877899765969,-1.174213856458664,-1.257285577058792,-1.1459843337535858,-1.1314778268337249,-1.2230788879096508,-0.39553010314702985,-0.5385797619819641,-0.39985120892524717,-0.2136772632598877,-0.6895355015993119,-0.7178963866084814,0.372456881403923,-0.3989340543746948,-0.4676639124751091,-0.536209661513567,-0.12780163586139678,0.33351714015007017,-0.39737545028328897,0.8623122125864029,0.7999811723828316,0.5185529366135597,-0.07101507484912872,-0.4437648385763168
-0.835111778974533,-0.1563554085791111,-0.5708959384355694,-0.9533072680234909,0.10635569915175438,-0.1643619361333549,-1.4910248875617982,0.9862022578716279,1.0066308628767728,1.123501780629158,0.6679376490414143,0.44253768580965697,-0.3549936902243644,0.2724867820739746,-0.5937633108347654,-0.7936217952519655,-0.883535586297512,-1.683264794945717,-0.7998908191919327,-0.5728047117590904,-0.31751343309879304,-1.8426938235759736,-0.648743137717247,-0.5500584065914154,-0.9070133820176125,-1.1495692431926727,-1.0843960225582123,-1.0617513954639435,-1.108798974752426,-1.1175359301269054,-0.5405741766095161,-0.5408220291137695,-0.2367968887090683,-0.09368700981140136,-0.5960023730993271,-0.783070370182395,0.4214244931936264,-0.47947409451007844,-0.5540827214717865,-0.6063738368451596,-0.18646495044231415,0.2157463997602463,-0.6067830063402653,0.8376006960868836,0.6404613807797432,0.33402651697397234,-0.1936390370130539,-0.5533050119876861
-0.6173529744148254,-0.23708388283848764,-0.508643743256107,-0.9376211017370224,0.0964101456105709,-0.15921202767640352,-1.3838083684444427,1.0300728678703308,0.8920441519469022,1.0879193544387817,0.7322264529764653,0.560012563643977,-0.49933103737421336,0.38121590912342074,-0.5245323587208987,-0.7800145734101533,-0.8276808634400368,-1.7633742332458495,-0.8935651794075966,-0.572716137766838,-0.2700048968195915,-1.903848946094513,-0.7621077716350555,-0.6124804437160491,-0.7785035446286201,-0.9715409189462662,-0.9280399203300476,-0.9332014456391334,-1.0536727368831635,-0.9516649894416332,-0.588442961871624,-0.47690956592559813,-0.04092957079410553,-0.05406494587659836,-0.6130681544542312,-0.792666232213378,0.5471034288406372,-0.5343736603856086,-0.6263948529958725,-0.6010309495031834,-0.2897529393434525,0.15880172848701476,-0.7583649791777134,0.5346134066581726,0.4600445285439491,0.1308680906891823,-0.22869503870606422,-0.6392831981182099
-0.4606295168399811,-0.2907042928040028,-0.3522371320519596,-0.8774036288261413,0.10897524282336235,-0.15530349481850864,-1.2137926114723085,0.9521757900714874,0.674203897640109,0.8925165116786957,0.8181535609066486,0.533245115308091,-0.6131027918774634,0.24100829064846038,-0.6083415139466524,-0.750257532671094,-0.77449601739645,-1.705123668909073,-0.8750856921076775,-0.5841926977038383,-0.20372211188077927,-1.905493152141571,-0.7920802250504494,-0.6255014430265874,-0.758219464123249,-0.7852350072935224,-0.7492637187242508,-0.7979402527213096,-0.9155572921037674,-0.8168726780451834,-0.6912784576416016,-0.5300398230552673,0.031961140036582944,-0.06968509256839753,-0.8027626067399979,-0.7839129932224751,0.48220880776643754,-0.5527275368571282,-0.650461719930172,-0.6183152332901954,-0.21827900558710098,0.08811483085155487,-0.8467892996966839,0.38083412051200866,0.2695432335138321,-0.10687966793775558,-0.3452067621052265,-0.6669193044304847
-0.2493778645992279,-0.17505998834967612,-0.22010951326228678,-0.7493780881166459,0.2658629946410656,-0.052941344864666465,-0.9855391038581729,0.7884181797504425,0.40117134936153886,0.6545619457960129,0.8134822852909565,0.4600524592678994,-0.6552095812279731,0.12285999357700347,-0.560555725172162,-0.6624582231044769,-0.6296672120690345,-1.4976248681545257,-0.7680368259549141,-0.5527092680335045,-0.1911101147532463,-1.8180347561836243,-0.7245313435792923,-0.5326604615431278,-0.5905075535178185,-0.4968048887327313,-0.4833862453699112,-0.6120514377951622,-0.6685886412858963,-0.7037175641395151,-0.716152024269104,-0.47098881006240845,0.17770250886678696,-0.10209077298641205,-0.754456701874733,-0.6387998022139072,0.2924456611275673,-0.5981462493538856,-0.5791017428040505,-0.5500093296170234,-0.07970318347215652,0.002725192904472351,-0.7880585581064224,0.15165067613124847,0.03235131353139877,-0.28107865899801254,-0.34877550080418585,-0.6206995859742165
