-0.05407581254839897,-0.5898540327325463,0.397828508913517,0.10435774736106396,-0.03406210280954838,-0.003824672754853964,-0.6311369359493255,-0.22735000997781754,0.28145671654492616,-0.13985725808888674,-0.13427722230553626,0.3344806969165802,-0.013844229280948639,-0.10382752120494843,-0.24257733076810836,0.17751753367483616,-0.4183196436613798,-0.17687841057777404,0.5184907861053943,-0.8434057567734271,-0.012922665476799012,0.22340974546968936,-0.16943481303751468,-0.10019151493906975,-0.006233303248882294,-0.40865322947502136,-0.23156107338145376,-0.35317651676014067,0.23377282032743096,-0.051480910181999205,-0.6651029743254184,0.7598146453499794,1.3777200520038604,0.28772859647870064,-1.1016280025243759,-0.09515992626547813,0.8829922318458557,0.8387832850217819,0.2616994149982929,-0.1220665343105793,0.4408843666315079,0.41406568586826326,-0.44505524784326556,-0.1962712060660124,-0.5301031231880188,-0.7403153447434306,-0.29370167227461935,-0.7239086210727692,-0.30536873154342176,-0.43426074981689455,-0.09438440650701523,-0.3432123091071844,-0.6033279884606599,0.013508040132001043,-0.27145505640655754,-0.4706726644653827,-0.23676045835018159,-0.05905808284878731,-0.4420099327340722,-0.1914996739476919,-0.9263468146324157,-0.6251939974725247,-0.6823457568883896,-0.7009233608841896,-0.621367609500885,-0.4685863219201565,-0.13449967950582503,-0.5662899121642113,-0.3903576432727277,-0.4960538290441036,0.4481146581470966,-0.48285370171070097,-0.4146935224533081,-0.578082074970007,-0.44729812145233155,-0.7576531724072992,-0.3501145910471678,-0.221185819018865,-0.4348279505968094,-0.46180189996957777,-0.6474486038088798,-0.37568229250609875,-0.7728732049465179,-0.44349057972431183,-0.5229912824928761,-0.6694123011548072,-1.2549000442028047,-0.7030480414628982,-1.018033429980278,-0.14472242593765258,-0.7267158700153231,0.5061500608921051,0.27211410910822453,-0.2761170491576195,0.2242014653980732,0.5005959331989288,0.0977833978831768,-0.11658755838871002,-1.0638961482793092,0.13561918614432217,-0.6212940625846386,-0.8984210431575775,-1.2005407720804215,-0.34501815363764765,-0.42707903385162355,-0.8919062122702599,-0.6328651756048203,-0.6580643579363823,0.12244799733161926,-0.8477831572294235,0.16906981132924556,-0.38140743523836135,-0.7867073148488999,-0.5430649355053901,-0.4590258736163378,-0.6122952163219452,-1.12029252871871,0.03698248267173767,0.40089724585413933,0.38567101061344145,0.19302949775010347,-0.36154951676726343,-0.19520870856940747,-0.4917407318949699,-0.32568327002227304,-0.44270463436841967,-0.7831056103110313,0.4213694900274277,-0.017170084267854692,-0.41860854923725127,-0.47974810674786567,-0.2377425542101264,-0.08162857443094254,-0.5944176964461804,-0.995024074614048,-0.793692160770297,-0.8576372489333153,-1.3351022541522979,-0.8681147217750549,-0.6898910745978355,-0.9130140036344528,-0.2729399174451828,-1.123435479402542,-0.4871041975915432,-0.6094029814004898,-0.18547359071671962,0.09624827690422535,-1.326308012008667,-0.36154483146965505,-0.3358032661024481,-0.4421214088797569,0.19783054068684577,-0.08137916326522827,-0.022116972133517265,0.16406595818698405,0.7143440663814544,0.5569733500480651,0.43619632702320815,0.1974940001964569,-0.4924726866185665,-0.5684534505009651,-0.7862145990133286,-0.1556305108126253,-0.5283314943313598,-0.4254871055483818,-1.2050517231225968,-1.0263290137052536,-0.2614437207579613,-1.0576428055763245,-1.1245956301689148,-0.9523363590240479,-0.6655928349122405,-0.8868236839771271,-0.9460688918828964,-0.9545862562954426,-1.0176775932312012,-0.9046614050865174,-1.2063656434416772,-1.1720292273908854,-1.3275152415037155,-1.1593652606010436,-0.8265007376670838,-1.2333750899881124,-1.242636650800705,-1.1428639054298402,-1.3561922430992126,-1.19673233628273,-0.8720284670591354,-1.061170518398285,-1.0676013827323914,-0.9454782148823142,-1.3221003323793412,-0.3355731716612354,-0.16764286160469055,-0.5202497228980064,-0.6659722797572613,-0.6619600266218185,-0.7139447212219239,-0.7720385316759348,-0.3870317585766315,0.26282056551426647,-0.18872197344899178,0.35725488141179085,-0.05485615655779839,0.4229724511504173,0.5364993169903756,-0.41284254789352415,0.8428988941013813,-0.18996950797736645,-0.2570169731974602,0.2299214221537113,-0.24050492299720644,-0.1391804799437523,-0.4695680342061678,-0.04012599587440491,-0.09820406469516456,-0.5140680328011513,-0.0973044918035157,-0.007443015463650227,0.09762214869260788,0.2990531899034977,0.27368806675076485,0.501541750319302,-0.6019329339265823,0.15542874559760095,0.0007821515202522278,-0.34864199385046957,0.04165183305740357,0.04875310957431793,-0.32308847159147264,0.5546940684318542,0.1210329607129097,0.9523854956030846,0.6657204039860517,-0.24022264257073403,0.0932614877820015,0.985564225167036,0.6510549701750279,0.01329952133819461,0.5248200766742229,1.2207314997911454,0.468182173371315,0.7450623203068971,0.7934763193130493,-0.43580078035593034,-0.19240115582942963,-0.6395645961165428,0.03622893020510674,-0.607156366109848,0.188424084126018,-0.25529069313779473,0.10462752580642701,-0.013150005787611007,-0.1834533827379346,0.0112628985196352,-0.01692684441804886,-0.16156923584640026,-0.011725988984107972,0.11192961484193802,-0.18516722817730624,-0.44716048911213874,-0.17638257388025522,-0.01805969774723053,-0.17080906704068183,-0.23296162746846677,-0.15473906137049198,0.2626470342278481,-0.3153397678397596,-0.3272642340511084,0.17598283365368844,-0.47801347095519303,0.5794545866549015,-0.9263805538415909,-1.0438639223575592,-0.35664250031113626,-0.43222031034529207,-0.6785114392638206,0.029530537128448487,-0.29331249594688413,-0.0045033242553472515,0.3484065979719162,-0.3112346775829792,-0.01381324720568955,0.0891899399459362,-0.6157054722309112,-0.32982477247715,-0.10997474938631058,-0.03990771323442459,0.17833129316568375,-0.04894192293286324,-0.7262115038000048,-0.938764676451683,0.09121389761567116,-0.1275801405310631,0.19294001534581184,0.5897578248754144,0.5629350692033768,0.5570334974676371,0.09356634756550193,0.5120879590511322,-0.022885482758283615,-0.012329948041588068,-0.3534653469920158,0.4578956076875329,-0.08291346654295921,-0.1370706886984408,-0.014369399845600128,0.2296035423874855,-0.12419780753552914,-0.8864743016660214,-0.3677815817296505,-0.3348548556677997,0.2945031553506851,-1.0917102217674255,-0.13608191907405853,-0.0042014697566628454,-0.6880622785538435,0.05141434231773019,-1.0969533905386926,-0.8636043310165405,-0.85786865465343,-0.4384205132722855,-0.8920307465828955,-0.0011282000690698625,0.21804155111312867,-0.4329783313907683,-0.8697559118270874,-0.2889395855367184,-0.8381930697709322,-0.674806765280664,-0.7141914144158363,0.051690691709518434,0.3960777286440134,-0.546961995959282,0.030707445368170737,0.3475211538374424,0.2560767620801926,-0.4161976307630539,-0.7244150207843632,-0.6625988632440567,-0.41542469412088395,-0.6462374106049538,-1.0516777127981185,-0.2667349994182587,-0.036121932417154314,-0.5447827246040106,-0.977277958393097,-1.324957436323166,-0.5677871074527502,0.18571474850177766,0.4256363555788994,-0.5199868325144053,-0.4041058943257667,-1.2614939212799072,-1.1625366061925888,-0.32958134114742277,-0.6110157735645771,0.07626010626554489,-0.3683098558336496,-0.969602684956044,-1.1008236214518548,0.31811785101890566,-1.416767567396164,-0.7758359722793102,0.35680047869682313,-0.788006404042244,-0.6784687176346779,-0.9272253319621087,-0.8138914979994297,-0.3036898259073496,-0.9801521755754947,0.47846534103155136,-0.7170224014669657,-0.1840083383023739,-1.3219739854335786,-0.8468004480004311,-1.3177264705300331,-0.8126440584659577,-1.2282656192779542,-0.5514205686748028,-1.1107299000024795,-1.0393576573580503,-1.4192198246717453,-0.042895765602588655,-1.4138015288859607,-1.4626885503530502,-1.1094400137662888,-0.8768087059259415,-1.2684140056371689,-1.5661256074905396,-0.9920204140245914,-1.1873942911624908,-0.9120626896619797,-0.19525005668401718,-1.235404482483864,-0.6720972435548902,-0.6888631887733936,-0.3375381737947464,-0.6276757121086121,-0.4330497635528445
-0.08893269300460815,-0.572383045591414,0.34563309103250506,0.13022483736276627,0.002469303086400032,-0.00755875026807189,-0.721085038781166,-0.15880103707313536,0.40290843416005373,-0.15010751243680714,-0.0889600694179535,0.20293387472629548,0.06402375847101212,-0.19887958317995072,-0.1436243548989296,0.09316269420087338,-0.3374125059694052,-0.12403099201619625,0.4901863507926464,-0.8779136587399989,-0.1176175206899643,0.07017570771276951,-0.17962196320295334,0.012072528153657914,-0.005958355963230133,-0.38174946904182433,-0.14117515506222844,-0.27389578903093936,0.28242770889773966,-0.010357365012168884,-0.6941803015768528,0.5062309637665748,1.1390644371509553,0.020262647420167923,-1.2466568499803543,-0.25939003750681877,0.6914015889167786,0.5208854168653488,0.08971067145466805,-0.3284674592316151,0.23181958496570587,0.22852822244167328,-0.6297721073031426,-0.27544255666434764,-0.5865572184324265,-0.8157038658857345,-0.3150732603855431,-0.6824738837778568,-0.30297493897378447,-0.3338925242424011,-0.11486276388168334,-0.3646359141916037,-0.5721316326409578,-0.03400873094797134,-0.19394043181091547,-0.5702778090257198,-0.25669140815734864,-0.07985864952206612,-0.45489175263792275,-0.26179660819470885,-1.00409374833107,-0.6625673763453961,-0.7096546679735184,-0.7511541441082954,-0.6656046479940414,-0.552886889129877,-0.18840692043304444,-0.6089386031031608,-0.5117233142256736,-0.5409476898610592,0.3776631414890289,-0.5607513301074505,-0.4618938222527504,-0.7068565122783184,-0.43047366589307784,-0.8021232918836176,-0.4628949072211981,-0.3599369979987387,-0.506996963918209,-0.520226263999939,-0.6128417789936066,-0.42594166807830336,-0.7462582558393478,-0.49827964305877687,-0.5194762207567691,-0.7559170704800635,-1.236432135105133,-0.7579583168029785,-0.9557434022426605,-0.4293860077857971,-0.8933424925431609,0.3018626868724823,0.1954793541226536,-0.43673374503850937,0.1161036305129528,0.3147502958774567,-0.18863293007016183,-0.34954937994480134,-1.143712615966797,-0.1036999356932938,-0.7221428819000721,-0.9630377344787121,-1.2034576952457428,-0.5814745597541332,-0.583083701133728,-0.9338809691369534,-0.6247525006532669,-0.6636192843317985,0.2505124926567078,-0.9942235708236694,0.14662492983043193,-0.42527749836444856,-0.8360266298055649,-0.49572928696870805,-0.5460295949131251,-0.6296260818839073,-1.1845906257629395,0.011228906363248825,0.45328187122941016,0.25195727646350863,0.22293416727334261,-0.44129027649760244,-0.37594750337302685,-0.5991113975644111,-0.43037984184920786,-0.3778181567788124,-0.8254503443837166,0.3926063358783722,0.017846141755580903,-0.5132291674613952,-0.6177527852356434,-0.4155110469087958,-0.1625818446278572,-0.4062773548066616,-0.8784202083945274,-0.9237436961382628,-0.7693519622087479,-1.3467541635036469,-0.8154514923691749,-0.7819590225815773,-0.9994252175092697,-0.2688194841146469,-1.101355677843094,-0.4357083059847355,-0.5735759332776069,-0.2885516818612814,0.08378293104469776,-1.3704699397087097,-0.4092468347400427,-0.4032992260996252,-0.3762593619525433,0.05218464806675911,-0.2515356421470642,-0.08245529048144817,0.10283280126750469,0.488495397567749,0.3664145529270172,0.24486449044197797,0.06300589442253113,-0.5524835273623466,-0.6074290826916695,-0.7664928287267685,-0.08279979205690324,-0.468902251124382,-0.3841491281986237,-1.2927130699157714,-1.056083282828331,-0.393258573114872,-1.1470243275165557,-1.1765991508960725,-0.839571499824524,-0.7731598973274231,-0.9751222506165504,-1.0440317124128342,-1.0290103614330293,-1.0992829084396363,-0.8843814462423325,-1.341650776565075,-1.2452299043536186,-1.3450869381427766,-1.0034817606210709,-0.8383166521787644,-1.3098425775766374,-1.2451837003231048,-1.183429777622223,-1.314214038848877,-1.1333529204130173,-1.0119005650281907,-1.1373126983642579,-1.082437312602997,-0.8953978702425957,-1.3825115710496902,-0.40343690051231534,-0.08203338980674743,-0.6016227245330811,-0.6392582349479199,-0.5589096337556839,-0.6497398316860199,-0.7688259837217629,-0.38968956246972086,0.12083788942545652,-0.2612267188727856,0.29838060215115547,-0.11795697063207626,0.4683531984686852,0.5895815446972847,-0.5023427292704582,0.7657872311770916,-0.1564073946326971,-0.2504365086555481,0.2505435772240162,-0.25228466046974063,-0.16668735593557357,-0.39878515968157446,0.06771437525749206,-0.07759688049554825,-0.5007280424237252,-0.06509602452861145,-0.06060139257460832,0.09904698580503464,0.4151692040264606,0.35202495083212854,0.6517377860844136,-0.6200742900371552,0.16295495256781578,0.14165129214525224,-0.34189297184348105,0.013700366020202637,0.14445391595363616,-0.386008708178997,0.35403098464012145,-0.04832218736410141,0.6866153702139854,0.4003059454727918,-0.5296726323664188,-0.13912539929151535,0.6777402691543102,0.45342955365777016,-0.27656332598999145,0.22931429073214532,0.8880649119615555,0.27792865335941314,0.4661123681813478,0.5781332433223725,-0.46580683812499046,-0.25931572914123535,-0.6420776829123497,-0.08057162836194039,-0.6769102364778519,0.26715170198585836,-0.31709928372874857,-0.064626544713974,-0.041285325586795804,-0.28087542690336703,0.027045748382806777,-0.08827082961797714,-0.22605520747601987,-0.021635296940803527,0.020289233326911925,-0.21046178126707674,-0.4902708433568478,-0.29768281523138285,-0.06344138085842133,-0.25363124161958694,-0.29280427955091,-0.22146106706932187,0.20962594002485274,-0.38117471477016807,-0.3719169024378061,0.13563991859555244,-0.5256892679259181,0.4989292770624161,-0.975371491909027,-1.0204071760177613,-0.4719140864908695,-0.5006857484579086,-0.6590155433863402,-0.1430617541074753,-0.25635215938091277,-0.1653390724211931,0.19742489457130433,-0.3064030886627734,-0.06995722842402756,0.02046235091984272,-0.5998911708593369,-0.2603198915719986,-0.19735751301050186,-0.04787125512957573,0.1919553056359291,-0.20731083825230598,-0.7690435565076769,-0.9232362061738968,-0.059253140538930896,-0.22483340054750442,0.05110096856951714,0.4191464910283685,0.3949000507593155,0.38735782243311406,0.005041107907891274,0.41520911157131196,-0.2537967137992382,-0.12685222337022423,-0.5342861816287041,0.30466947332024574,-0.28183976635336877,-0.24415652165189386,-0.166131454706192,0.04159171134233475,-0.15016345493495464,-0.9027450736612082,-0.46156762447208166,-0.45051976991817355,0.311295685172081,-1.2176813304424285,-0.203750179708004,-0.0386268749833107,-0.7781049501150846,0.05911461869254708,-1.0776603559032083,-0.847323739528656,-0.9017581224441529,-0.29684142768383026,-0.9477743544615805,-0.10625645257532597,0.14764997959136963,-0.45307881459593774,-0.9205448508262635,-0.38249885365366937,-0.8574516002088786,-0.7189826404675841,-0.6573968002572655,0.14838081747293472,0.3563389230519533,-0.603096179664135,-0.05122769363224507,0.36645959988236426,0.2836300164461136,-0.37130598053336145,-0.7489175037946552,-0.6815571457147598,-0.4286819815635681,-0.37936882227659224,-1.042789950966835,-0.22214026600122452,0.07257911190390587,-0.6737965885549784,-0.9079297944903374,-1.3589963972568513,-0.5545379173010587,-0.010797879099845887,0.35784994810819626,-0.4821504060178995,-0.4889399923966266,-1.1570812851190566,-1.1043008416891098,-0.3238781809806824,-0.6606484733521938,0.1956865206360817,-0.4045032378286123,-0.9484519946388901,-1.141261225938797,0.22992257848381997,-1.4577436804771424,-0.7534628920257092,0.4049812853336334,-0.61572385430336,-0.7282946422696114,-0.9460597410798073,-1.0024802729487419,-0.45191990584135056,-0.9535273842513561,0.2951605886220932,-0.7880303863435983,-0.3055051647126675,-1.3812144637107848,-0.6999680772423744,-1.407531476020813,-0.8973684817552566,-1.3543667852878571,-0.5931213736534119,-1.2016728967428207,-1.0576323103159666,-1.5349016278982162,-0.1597518131136894,-1.4763505160808563,-1.4172786980867387,-1.2214834243059158,-0.8978684397414327,-1.3990709900856018,-1.5102614223957063,-0.9798471266869455,-1.2096305012702941,-0.8281058579683304,-0.11404027193784713,-1.2950481235980988,-0.6890562238171697,-0.6569862127304077,-0.22909947335720063,-0.6637578666210174,-0.4766229627653956
-0.16528173685073852,-0.5617406720295548,0.2542309782002121,0.176242096722126,0.0352033544331789,-0.07260389840230345,-0.6515180259943009,-0.07135853543877602,0.4852089237421751,-0.13692378532141447,-0.08780479729175568,-0.0018310219049453736,0.16727413833141327,-0.26081463471055033,-0.12953476756811141,-0.040611040964722636,-0.27936284579336645,-0.08436644040048122,0.41384792476892474,-0.8858794946689159,-0.18874276131391526,-0.006449558585882187,-0.1930235207080841,0.07374365851283074,-0.013563306629657745,-0.30308249294757844,0.013607953768223524,-0.19563845181837677,0.30119480565190315,-0.03454392645508051,-0.7055772937834263,0.16936396509408952,0.8187238991260528,-0.2663102798163891,-1.2838113754987717,-0.40723644122481345,0.4021470308303833,0.2638821929693222,-0.16372364088892938,-0.49076352939009665,-0.0023893445730209352,0.0023723751306533813,-0.7792804006487131,-0.33070411048829557,-0.5771497189998627,-0.8555448174476623,-0.3697193962521851,-0.5877866234630347,-0.3642365388572216,-0.2775964742526412,-0.1002912163734436,-0.34511146806180476,-0.5540081966668368,-0.11960548162460327,-0.24803302381187678,-0.7023812462110073,-0.2560492277145386,-0.1265047736465931,-0.4149005586281419,-0.34536596201360226,-1.0744232058525085,-0.6510759197175503,-0.7954812437295914,-0.8514939829707145,-0.7095225065946579,-0.6166603185236454,-0.2806570306420326,-0.6656289801001549,-0.66369019895792,-0.6015584163367749,0.24801519215106965,-0.5947893589735032,-0.5420415833592415,-0.8194765590131283,-0.39593532532453535,-0.8089674548245966,-0.537711925432086,-0.4874892986903433,-0.5017725571990013,-0.5393155694007874,-0.5287908747792244,-0.43813112042844293,-0.7487872809171676,-0.5207785844802857,-0.5671187840402127,-0.828804348083213,-1.1432718187570572,-0.8480075612664223,-0.8252253293991089,-0.7278686106204987,-1.0884797370061279,0.07615177631378174,0.08934173048473895,-0.632538677752018,-0.0016069330275058746,0.1926717460155487,-0.283532302826643,-0.37444116473197936,-1.149547529220581,-0.13975087301805617,-0.8058659188449383,-0.8766492538154125,-1.1358516812324524,-0.7054049931466579,-0.6388385772705079,-0.9919049091637134,-0.6281263217329979,-0.8045337244868278,0.30354716777801516,-1.1225568532943726,0.13777484260499478,-0.47884300351142883,-0.9089603036642074,-0.41148554980754853,-0.6374112796038389,-0.6715427592396737,-1.2070317447185517,-0.034151191264390944,0.47199046388268473,0.19210609495639802,0.15996997077018021,-0.3824777454137802,-0.4840918619185686,-0.7704301074147224,-0.5057922404259443,-0.4194976851344109,-0.8684453070163727,0.34185530692338945,0.10526761412620544,-0.6448456287384033,-0.696209130436182,-0.5610753050073981,-0.331708587706089,-0.3187911115586758,-0.756647352874279,-1.0002132903784513,-0.6652131050825119,-1.3770806312561035,-0.737189731746912,-0.9328445047140121,-1.1797628462314607,-0.2587321475148201,-0.9719248235225677,-0.38290074877440927,-0.5672945886850357,-0.3865898411720991,0.10593609400093555,-1.3377765655517577,-0.4043313748203218,-0.5255366610828787,-0.2631225101649761,-0.08807679936289788,-0.4903820753097534,-0.18469767682254315,-0.03724006749689579,0.15165426731109619,0.19907315969467163,0.15879237335175275,-0.05432444214820862,-0.5819466181099415,-0.64807258695364,-0.696512858197093,-0.007110646367073059,-0.4284835547208786,-0.3480004172772169,-1.29984650015831,-1.117760108411312,-0.49514537006616594,-1.2585544109344482,-1.252848893404007,-0.760926365852356,-0.8696762323379517,-1.0195086590945721,-1.1241686165332794,-1.026321494579315,-1.1780283361673356,-0.8787887508166022,-1.4280689537525177,-1.3011530816555024,-1.3219530075788497,-0.861312085390091,-0.765939898043871,-1.3892841935157776,-1.21991725564003,-1.1694484412670136,-1.2391964137554168,-1.0272284373641014,-1.021394982933998,-1.2182022750377655,-1.1042775154113769,-0.802144780009985,-1.30336637198925,-0.2774351431289688,-0.014896261692047118,-0.6277335532009601,-0.6016159683465958,-0.4850140973925591,-0.6196855396032334,-0.7491381791420281,-0.4313423540443182,0.007940535061061382,-0.2763239867985249,0.2673929281532764,-0.18340179286897182,0.4986799582839012,0.6836167111992836,-0.4831369832158089,0.607538241893053,-0.14867847599089146,-0.2951387889683247,0.32670290395617485,-0.24166863514110445,-0.2812971815466881,-0.4377171985252062,0.18107493221759796,-0.0789760909974575,-0.5567781701683998,-0.12191521163331345,-0.08516745017841458,0.008667214214801789,0.4524455077946186,0.4153262563049793,0.7841077469289303,-0.5795832574367523,0.1827162466943264,0.2963252142071724,-0.28668101131916046,-0.017191988229751588,0.2200395405292511,-0.4491277113556862,0.0504168689250946,-0.3303929314017296,0.3401356920599937,0.1264267869759351,-0.6103113569319248,-0.30335945934057235,0.36955094859004023,0.22066811099648476,-0.4512669359333813,0.011947505921125413,0.5669100672006607,0.005174079537391662,0.2759355951100588,0.2682342350482941,-0.5973645411431789,-0.4017960011959076,-0.7097941383719444,-0.21417098119854927,-0.6555047780275345,0.19530875065829606,-0.3685514867305756,-0.24764202833175658,0.0027298152446746824,-0.35591033287346363,0.035170697048306464,-0.18667651042342187,-0.2533641491085291,-0.11768721938133239,0.04960875511169434,-0.23371474677696824,-0.596216568350792,-0.4071197325363755,-0.0715755969285965,-0.25563282519578934,-0.32799378894269465,-0.2634899844415486,0.14005853682756425,-0.4460981740616262,-0.4460020218044519,0.029249454289674758,-0.5856763005256653,0.35390798896551134,-0.9704030513763428,-1.0220060646533966,-0.5559746704995632,-0.5063147723674775,-0.6356364082545042,-0.12750131413340568,-0.10370163694024086,-0.30087607093155383,0.1949711859226227,-0.2768784643150866,-0.06250902754254639,-0.01757630854845047,-0.5767401804681868,-0.07967515885829926,-0.2804522916674614,0.01358305588364601,0.13716551288962364,-0.40824033692479134,-0.5624761558137834,-0.7997323989868164,-0.23269739374518394,-0.2686696216464043,-0.12068605199456214,0.20834864471107722,0.24836955964565277,0.15341391898691653,-0.17047507427632808,0.23887579143047333,-0.5152055196464062,-0.13842504480853676,-0.5555530682206153,0.12179360166192055,-0.44975288957357407,-0.33723697923123835,-0.18004043102264405,-0.1215059593319893,-0.1648416232317686,-0.9051368843764067,-0.5162938771769404,-0.6723016674630344,0.2745110899209976,-1.357296109199524,-0.2497321143746376,-0.060169605910778044,-0.883448226377368,0.19151192158460617,-1.0436494771391154,-0.8234064817428589,-0.894282129406929,-0.2495717853307724,-1.0589565187692642,-0.2044277761131525,0.18415739387273788,-0.4002480708062649,-0.9399651706218719,-0.4724709503352642,-0.8789359603077174,-0.7388852998614311,-0.8365975746884942,0.19375703781843184,0.2551925379782915,-0.689350600540638,-0.017910578474402427,0.46007644310593604,0.30825135409832,-0.32876633331179617,-0.7648254023399204,-0.7716520212590694,-0.4417723804712296,-0.15653692930936813,-1.046115791797638,-0.16905076056718826,0.18302547186613083,-0.8171444691717624,-0.8630768284201622,-1.4001156091690063,-0.5893939238041639,-0.24934780299663545,0.33834525793790815,-0.3883937243372202,-0.5892710112617351,-0.9914181664586067,-0.9218195468187332,-0.27686282247304916,-0.6689061406999827,0.14779122024774552,-0.6070198591798543,-0.8800060766749084,-1.1484357357025146,0.1051591046154499,-1.4608398258686066,-0.6697406969964504,0.413943350315094,-0.46134569942951204,-0.7298343271017075,-1.016701802611351,-1.2178153797984124,-0.6356648162007332,-0.9654867462813854,0.08754113018512726,-0.923070952668786,-0.4135689102113247,-1.4656811475753784,-0.6086916282773018,-1.4206513047218323,-1.012599927186966,-1.5005613029003144,-0.6326972432434559,-1.244564974680543,-1.0787238344550132,-1.6685288727283478,-0.3319389149546623,-1.5170733511447907,-1.3063843861222266,-1.2841834485530854,-0.8627030285075307,-1.5040916502475739,-1.4476644575595856,-0.901105951750651,-1.2177915573120117,-0.7541898727416992,-0.09873286634683609,-1.2554186165332795,-0.626473761536181,-0.6462524920701981,-0.22039016783237458,-0.6833507776260376,-0.5524850247427822
-0.2688118562102318,-0.46350242514163253,0.09116898984648288,0.27259664330631495,0.12870026007294655,-0.18461128389462828,-0.5798501014709473,-0.03289612606167793,0.5788130056113004,-0.0711270434781909,-0.05517510883510113,-0.21465209424495696,0.21322830021381378,-0.3647395223379135,-0.13805421590805053,-0.08548382557928562,-0.2380844447761774,-0.12112777642905712,0.3304187819361687,-0.758194186212495,-0.20046730786561967,-0.06784767135977746,-0.18384780883789062,0.10945714339613914,0.022219590097665786,-0.1756457656621933,0.11848146796692163,-0.12488412940874696,0.361703184992075,-0.028656662441790104,-0.6952496744692326,-0.21170608848333358,0.42364482283592225,-0.3678565740585327,-1.1270505655556917,-0.4488936476409435,0.162314772605896,0.018293312191963194,-0.3366474322974682,-0.6058778068050742,-0.1895564466714859,-0.22633537352085115,-0.8047537092119456,-0.3329656239598989,-0.5462061911821365,-0.8265005230903626,-0.4030405436642468,-0.5161825846880674,-0.39492480680346487,-0.1852792715653777,-0.09376468807458878,-0.3150193806737661,-0.4488983143121004,-0.15842230394482612,-0.25137903485447166,-0.7689418543595821,-0.2590530514717102,-0.2016279675066471,-0.3545083159580827,-0.41813721917569635,-1.1080487012863158,-0.6085024736821651,-0.905447593331337,-0.9412815317511558,-0.7271891206502914,-0.694657901674509,-0.3889427646994591,-0.7826170787215233,-0.7444220885634423,-0.6731267444789409,0.12491944134235382,-0.5918240517377853,-0.5864560052752494,-0.8753878079354763,-0.3600971266627312,-0.8372660712338984,-0.6306576993316412,-0.5878573238383978,-0.47440433502197266,-0.5626091659069061,-0.4537787660956383,-0.38806339763104913,-0.7328148573637009,-0.503881287574768,-0.6086043678224087,-0.8821072560269385,-1.1032295733690263,-0.9028390035033226,-0.6562509551644325,-1.0302437663078308,-1.218166633695364,-0.09642571806907654,0.05415012538433075,-0.7477586165070533,-0.054315096139907836,0.07476778626441956,-0.4798116020858288,-0.43177313208580015,-1.0175172924995421,-0.232252337038517,-0.7342797391116619,-0.6576851986348629,-0.9464460801333189,-0.7687873505055904,-0.6260769248008728,-0.9370903499424458,-0.5016492620110512,-0.7476227924227714,0.4298588991165161,-1.1616285681724547,0.15891349874436855,-0.49167998135089874,-0.9947767943143845,-0.3223952054977417,-0.6026728224009276,-0.6677879080176353,-1.2406467974185944,-0.08974129036068916,0.4329031087458134,0.05213068425655365,0.15679552722722293,-0.29557031095027925,-0.46065346263349055,-0.8556343078613281,-0.5492421686649323,-0.5433188363909721,-0.8925736129283905,0.3151338964700699,0.2566867649555206,-0.7586896568536758,-0.7042922236025333,-0.6520522994920611,-0.46782991886138914,-0.10537638291716575,-0.5004288002848625,-1.0257664036005736,-0.4530205652117729,-1.348754745721817,-0.5578453227877617,-1.027054986357689,-1.191048812866211,-0.1653284326195717,-0.7176296055316925,-0.3023689318448305,-0.5262289673089982,-0.35365947596728803,0.20610350817441941,-1.2538457587361336,-0.25319454735144975,-0.5410379611421376,-0.16121889352798463,-0.2746110908687115,-0.6742219060659409,-0.23112994246184826,-0.1759167168289423,-0.16266558170318604,-0.03202211856842041,-0.05420394260436297,-0.118007493019104,-0.4948247231543064,-0.6188450708985329,-0.5195239048451186,0.16855593621730805,-0.348104202747345,-0.2405600469559431,-1.1208269417285919,-1.0452856406569482,-0.535299651324749,-1.1947910889983178,-1.19248968064785,-0.5548365890979767,-0.878228098154068,-0.9149828176945448,-1.053528282046318,-0.9371071308851242,-1.2376146405935287,-0.6859620096278377,-1.3430580973625184,-1.246031653881073,-1.1859645549207927,-0.7143084384500981,-0.5874889083206654,-1.353337585926056,-1.1610306918621063,-1.0860069692134857,-1.0967725962400436,-0.7635049924254418,-0.8603896029293537,-1.222583669424057,-1.0165720403194427,-0.6471331655979157,-1.3533585041761398,-0.28091407103929666,0.1174476146697998,-0.5970920421183109,-0.5071801634505391,-0.3425714895129204,-0.47166162650100885,-0.6735640008933842,-0.4070671211928129,-0.2144965248182416,-0.26602620258927345,0.19910194934345782,-0.27628928385674956,0.6027206853032112,0.7077948167920113,-0.42499854117631913,0.3894325323402882,-0.10845757015049458,-0.35821234360337256,0.37869911789894106,-0.15086043430492282,-0.3616666868329048,-0.3539097062690416,0.25659198462963106,-0.06945748552680016,-0.5781195297837257,-0.19747455056058244,-0.12467886107042432,0.09518711790442466,0.47293901816010475,0.47951522246003153,0.8965235464274883,-0.49105715937912464,0.25304720997810365,0.48058937340974806,-0.22070779278874397,0.07522561252117158,0.3220024585723877,-0.5412615478038788,-0.2408081352710724,-0.6070369824767112,-0.023489190638065337,-0.1305177434813231,-0.7057635687291622,-0.45268966257572174,0.025160735100507738,-0.023494007438421248,-0.6033021663315594,-0.08157198503613472,0.286962217092514,-0.21773155629634858,0.12460276074707508,-0.05377922654151916,-0.5933603249490261,-0.44624367654323577,-0.6911098793148994,-0.262593450397253,-0.5736248105764389,0.23977638073265553,-0.36968315988779066,-0.36306520700454714,0.028873611986637116,-0.464225085452199,0.08452175073325634,-0.2749533735215664,-0.28740016957744957,-0.20036156624555587,-0.0701022982597351,-0.32061382913962005,-0.6617488756775856,-0.47903397474437953,0.007639053463935852,-0.2359853532165289,-0.3513832774013281,-0.26670450167730453,0.07199200838804246,-0.6257058127783239,-0.5748190466314554,-0.10194770321249962,-0.6280248671770096,0.21095931380987168,-0.9455501765012742,-0.9670272976160049,-0.6821491330862045,-0.4214688800275326,-0.5887185882776975,-0.12055700272321701,0.007708101719617844,-0.33468233309686185,0.20927042067050933,-0.1985213545151055,-0.061836708011105655,-0.09546491652727127,-0.5408685257192701,0.1142014890909195,-0.36117093116044996,0.04075221978127956,0.057339518517255786,-0.5916246362030506,-0.3858374780975282,-0.5928474605083466,-0.34292623624205587,-0.3661611959338188,-0.3034585453569889,-0.0058650365099310875,0.11641410291194916,-0.10143229626119137,-0.3406967844814062,0.042055174708366394,-0.725263773649931,-0.13016238370910288,-0.5916286051273346,0.1357427952811122,-0.6282958939671517,-0.34464813135564326,-0.13916490226984024,-0.3021112814545631,-0.11241083852946758,-0.7946419786661864,-0.4906833766028285,-0.6535130734555423,0.3236013978719711,-1.480934500694275,-0.3258067205548286,-0.1385057672858238,-1.0139214139431716,0.25305840075016023,-0.9113044623285532,-0.7537650257349015,-0.8874569863080979,-0.14632605612277985,-1.0664605170488357,-0.2730605561286211,0.2183377429842949,-0.4085015706717968,-0.9593552887439728,-0.6186124913394451,-0.8191125366836787,-0.7870822340250015,-0.8118581185117364,0.2732334166765213,0.1761327374726534,-0.7618611574172973,0.07757649756968021,0.5812278032302857,0.3304108202457428,-0.2663597039878368,-0.8007572248578072,-0.6281922601163388,-0.4006984166800976,0.1592172935605049,-1.004559376835823,-0.03610467463731766,0.3312120333313942,-0.8994928576052189,-0.8401029989123344,-1.420649242401123,-0.5605400662869215,-0.5299055784940719,0.3617963895201683,-0.29660607390105725,-0.7126245237886906,-0.779617403447628,-0.7154939264059067,-0.13675773590803147,-0.6410193908959627,0.2975380107760429,-0.6010042127221823,-0.6857851359643974,-1.0497244402766228,0.011755654960870743,-1.4166281640529632,-0.5147538296878338,0.4788363020867109,-0.20883671343326568,-0.6710547238588334,-1.0218337923288345,-1.3119274064898492,-0.8124888151884079,-0.9728157214820385,-0.2038019746541977,-1.0622373048216105,-0.58080320879817,-1.449598217010498,-0.4407805159687996,-1.3859101295471192,-1.0858104407787323,-1.5505011916160583,-0.6223328202962876,-1.2133103732019663,-0.9818487241864204,-1.7305160939693451,-0.31484800949692726,-1.4642993748188018,-1.1285524621605874,-1.235462474822998,-0.8114591958001256,-1.5293973982334137,-1.3433534532785416,-0.764018207648769,-1.2239169359207154,-0.5404191553592682,-0.007637743651866913,-1.2027779877185822,-0.548347414471209,-0.5863101087510586,-0.0641006201505661,-0.6579296743497253,-0.5483827946707607
-0.17447386980056762,-0.32684195656329396,0.06766635240055621,0.5046912560239434,0.32126494124531746,-0.21362474178895355,-0.3616978328675032,-0.02825915291905403,0.6383055161684752,0.08280103374272585,0.0987056065350771,-0.39635498225688937,0.3211746484041214,-0.47085136324167254,-0.14809713065624236,0.07962670587003232,-0.2200055096298456,-0.09953294061124325,0.29053590819239616,-0.6152180690784007,-0.08699536770582199,0.09072726741433143,-0.10057553062215448,0.17015567496418954,0.14546910300850868,0.0196964293718338,0.29232850701082497,-0.008597250375896693,0.45937258675694465,0.0054842492565512655,-0.6680920638144017,-0.5361026510596275,-0.009163063764572144,-0.38085210919380186,-0.8512036669999361,-0.3728437729179859,-0.06917903423309327,-0.1778716892004013,-0.473707228153944,-0.6825498966500163,-0.3188838869333267,-0.39526145756244657,-0.8474427912384271,-0.2871352266520262,-0.5473762229084969,-0.72631566375494,-0.3165734981186688,-0.3817902099341154,-0.2904061935842037,-0.08636203613132239,-0.08585181087255478,-0.23136434555053711,-0.3211896289139986,-0.12753207683563234,-0.22824423275887967,-0.7806279588956386,-0.2352472186088562,-0.23214055076241494,-0.3159616345539689,-0.42796524427831173,-1.0884122192859649,-0.5482119552791118,-0.950780525803566,-1.0360536083579064,-0.6634704619646072,-0.7361536122858524,-0.47439058125019073,-0.8896928772330284,-0.860310435295105,-0.751781415194273,-0.021093139052391054,-0.582187257707119,-0.589551965892315,-0.8746409736573696,-0.28861402720212936,-0.7447055772878229,-0.5239620085805654,-0.5199245750438422,-0.3627600699663162,-0.5082055509090424,-0.3558167204260826,-0.28104961328208444,-0.6895838290452957,-0.3872379567474127,-0.5394545830786228,-0.9153125029522926,-0.9826588720083237,-0.7840076848864556,-0.4798005774617195,-1.2858983039855958,-1.2635703824460507,-0.1808881103992462,0.0874420166015625,-0.7647144392132759,-0.03589886128902435,-0.0722759485244751,-0.5337328590452671,-0.40558452904224396,-0.9262207686901093,-0.3372404485940933,-0.5958913303911686,-0.3651258431375027,-0.7472713451832533,-0.7253863923251629,-0.5818638667464257,-0.7695363484323025,-0.3562118485569954,-0.7013869747519493,0.6167410373687744,-1.200874239206314,0.25036636255681516,-0.3788181096315384,-0.9758976429700852,-0.1662925362586975,-0.6169326316565276,-0.6131948873400688,-1.3677876114845275,-0.014498337358236312,0.3248686663806438,-0.024585045874118805,0.1488382088020444,-0.3112851455807686,-0.7025743629783392,-0.8465844035148621,-0.6035128980875015,-0.4803409740328789,-0.8872929781675338,0.35152324587106704,0.44795838594436643,-0.7532256126403809,-0.6692631937563419,-0.649490968696773,-0.6061832249164582,0.15170640721917153,-0.1813311383128166,-1.0319409739226102,-0.28916534036397934,-1.3061819314956664,-0.4007925480604172,-1.1477230340242386,-1.2834609478712082,-0.017019569873809814,-0.49489485323429105,-0.21783596687018872,-0.5068336397409439,-0.2716184865683317,0.30966871976852417,-1.1024223193526268,-0.1819139272905886,-0.5170711532235146,-0.03466628789901734,-0.35663151666522025,-0.8647277384996415,-0.28499755822122097,-0.2651468556374311,-0.5134679913520813,-0.30512977838516236,-0.2233081551268697,-0.19569259732961655,-0.36274044974707065,-0.5812564417719841,-0.27627547197043895,0.4225581675767899,-0.19308632016181945,-0.06972443871200085,-1.0493019759654998,-0.8971946522593498,-0.54088646620512,-1.17919812053442,-1.130126565694809,-0.3125319480895996,-0.870833569765091,-0.7074930321425199,-0.8754357278347016,-0.813359804963693,-1.2346749514341355,-0.49095990677597,-1.1897505164146422,-1.1127430818974973,-1.0079224634915591,-0.6126125462353229,-0.4299362041056156,-1.2142619907855987,-1.0456599920988083,-0.9915713775902987,-0.9750315323472023,-0.6192717291414738,-0.6639392115175724,-1.182519978284836,-0.8333262383937836,-0.44346724450588226,-1.3008741736412048,-0.17244471518788487,0.276470422744751,-0.5090288914740085,-0.41586347986012695,-0.24518447741866112,-0.2968899059575051,-0.5782254328019917,-0.3120139937847853,-0.15496762860566377,-0.18027734979987145,0.28022217587567866,-0.26313991136848924,0.7716449812054634,0.8253804996609688,-0.30432109385728834,0.2767170198261738,-0.05197671242058277,-0.33044533282518385,0.4368445172905922,0.027989438641816376,-0.38279146403074266,-0.15542808393074664,0.3264160752296448,-0.04714436754584313,-0.47584915310144427,-0.12344599004136399,-0.06151339532807469,0.2821888469159603,0.6066171921789646,0.6330444015562534,1.0129899241030216,-0.27344126291573045,0.417085325717926,0.6613295689225197,-0.06187539771199226,0.24045494496822356,0.45901272892951966,-0.5173290118575096,-0.6372704565525055,-0.9090636238455773,-0.4331518426537514,-0.38884726013056936,-0.6275468312203885,-0.5147206962108613,-0.32990133240818975,-0.3069711707532406,-0.6315196176059544,-0.1875475414097309,0.08265577852725983,-0.3761822432279587,0.00596579797565937,-0.36087705492973327,-0.4796171568334103,-0.4380245104432106,-0.5813303649425506,-0.17097356244921685,-0.41162192523479463,0.33659275211393835,-0.3507049858570099,-0.45736480616033076,0.10229774266481399,-0.5477910686284304,0.12128395847976207,-0.27236666414828503,-0.306985545065254,-0.20397179275751115,-0.07034970819950104,-0.3162531163543463,-0.6190683797001839,-0.47348785791546105,-0.03439054638147354,-0.2673303809016943,-0.3936460267752409,-0.2705499489791691,0.10226478204131126,-0.7489462307654321,-0.5341260556131602,-0.16264913603663445,-0.6184607714414596,0.1357431061565876,-0.9472947627305984,-0.8575951494276524,-0.6580721013247967,-0.2674321226775646,-0.5130097981542349,-0.07851026505231858,0.0648850180208683,-0.2267743643373251,0.23986191749572755,-0.11409954847767949,-0.003561991499736905,-0.0841897651553154,-0.4829482038971037,0.34439981281757354,-0.3401051703840494,0.13147146664559842,0.07456927821040153,-0.7523909159004688,-0.2049503496848047,-0.4300270155072212,-0.3664096750319004,-0.4680601552128792,-0.4604450471699238,-0.19043307807296514,0.02917022705078125,-0.30259910486638547,-0.4461256191134453,-0.11167818903923035,-0.8517684690654278,-0.20133915105834604,-0.5375642389059067,0.01303792279213667,-0.6377104058861732,-0.2760673236101866,-0.023704151762649416,-0.3987492203712463,-0.056596281751990316,-0.6922222923487424,-0.3602211890742183,-0.6832812364213169,0.40759503841400146,-1.4963529706001282,-0.2830108471214771,-0.07978252917528153,-1.096417872235179,0.3883279114961624,-0.9196290854364634,-0.8015964835882187,-0.9134578198194504,-0.08463950753211975,-1.1723488569259644,-0.3311600420624018,0.20650912970304489,-0.4268573045730591,-1.0217797696590423,-0.677037701010704,-0.7815869424492121,-0.7769020706415176,-0.6513191873207689,0.37554542124271395,0.0935103315860033,-0.7179221659898758,0.12939050532877444,0.680557307600975,0.3883836237713695,-0.1303800456225872,-0.8048663645982742,-0.5158628724515438,-0.3376620106399059,0.48377061635255814,-0.9435320198535919,0.15423211604356765,0.4917564049363136,-0.905954972654581,-0.8000266209244729,-1.4009140074253081,-0.5003816287964582,-0.6778133302927017,0.44748188406229017,-0.20791531167924404,-0.8448643051087856,-0.49213360995054245,-0.5435818165540696,-0.0028597548604011535,-0.6060488689690828,0.3440841995179653,-0.6042640205472708,-0.4186980101861991,-0.9027227793820203,-0.1043875865638256,-1.3210968115366994,-0.3402590863406658,0.5464798312634229,0.10912434756755829,-0.6378388673067092,-0.966278800368309,-1.4041348323225975,-1.0466558545827866,-0.9297133378684521,-0.5079114884138107,-1.1932491943240167,-0.7410405747592449,-1.396899664402008,-0.27574094384908676,-1.3722214639186858,-1.1272377908229827,-1.6055413603782653,-0.5370690584182739,-1.078694063797593,-0.8380952432751656,-1.7602342426776887,-0.11551224961876869,-1.393830007314682,-0.9237535029649735,-1.1817861318588256,-0.7741118909791112,-1.5570829510688782,-1.206257238984108,-0.6121854749042541,-1.1423184335231782,-0.5300091326236724,0.1818147912621498,-1.1444532096385955,-0.45304660592228174,-0.5320788577198983,0.08864102065563202,-0.6448701618239283,-0.5526130367070436
-0.07568064332008362,-0.22398942951112985,0.023242883989587425,0.6188711712136865,0.3781763590872288,-0.18942123567685484,-0.14833504371345044,-0.04190672114491463,0.7158675368875265,0.09879118148237467,0.2191265482455492,-0.5255626697093249,0.40935425013303756,-0.528275340795517,-0.1656137466430664,0.07539818212389945,-0.2064726624637842,-0.04142974354326725,0.21563215032219887,-0.5481699187774212,0.11049872189760208,0.041495826095342636,-0.12900973865762352,0.14445586279034614,0.18757555410265922,0.14156737998127938,0.3837692088680342,0.03391707157716155,0.485180002450943,0.011151971481740474,-0.6618000246584416,-0.7969881758093834,-0.41135016083717346,-0.3920032411813736,-0.8070759627968073,-0.3357792265713215,-0.3278457522392273,-0.4218257814645767,-0.6010496966540814,-0.7159795461222529,-0.4278938680887222,-0.6228732973337173,-0.8692632868885994,-0.3775108676403761,-0.5900944784283638,-0.7080388769507409,-0.33008504258468746,-0.31884582303464415,-0.33407614305615424,-0.007782215438783169,-0.17824965566396714,-0.2833221346139908,-0.3141951609402895,-0.15840041637420654,-0.3238783530890942,-0.8779946137685328,-0.3249206691980362,-0.3399107851088047,-0.3732669159770012,-0.5131924390792847,-1.1684921085834503,-0.6202834956347942,-1.0376550197601317,-1.2179101392626763,-0.7041330665349961,-0.8399397052824498,-0.6083027675747872,-1.0623784884810448,-0.9151220917701721,-0.824445279687643,-0.1908586949110031,-0.5615697130560875,-0.45412963479757307,-0.9510925255715847,-0.24375891536474228,-0.8077051476575434,-0.4861145969480276,-0.42498317430727184,-0.3523653358221054,-0.5314526259899139,-0.33269514292478564,-0.23367808274924756,-0.6386476188898087,-0.29167258106172084,-0.47607209011912344,-0.9994002461433411,-0.9713697105646133,-0.8178240895271301,-0.41159197241067885,-1.443803310394287,-1.3060270816087722,-0.270638570189476,0.012380532920360565,-0.8372776046395302,-0.08185966312885284,-0.2061803013086319,-0.45204070433974264,-0.380098831653595,-1.000293231010437,-0.3138685142621398,-0.7484024599194526,-0.30774331614375117,-0.7479424577206373,-0.7834920071065425,-0.528852091729641,-0.7675719700753689,-0.449365459382534,-0.6331403858959674,0.6674770876765251,-1.1960015892982483,0.25490983091294767,-0.344431659579277,-1.089030995965004,-0.03826909810304642,-0.5926161151379347,-0.5827381059527397,-1.3890296339988708,0.017484915256500245,0.3183891482651234,-0.06207568272948265,0.18440354485064744,-0.2471684470772743,-0.7102187152951955,-0.859674084186554,-0.506105050444603,-0.4852523848414421,-0.8433604210615158,0.21953160017728807,0.4810521937906742,-0.6748783886432648,-0.6636936642229557,-0.6858736200258135,-0.7126719206571579,0.2990355260670185,0.01647217720746994,-1.0921196043491364,-0.30337493270635607,-1.3297292828559875,-0.393647101521492,-1.2783290207386018,-1.3527679294347763,-0.024015465378761293,-0.34753394722938535,-0.18305052928626536,-0.5224421352148056,-0.40213314406573775,0.4158765137195587,-1.0492698565125465,-0.09999072486534714,-0.482537516951561,0.05237485021352768,-0.42122391536831855,-0.9830677688121796,-0.32844085358083247,-0.43761561922729014,-0.8097104549407959,-0.5709318935871124,-0.3572171928361058,-0.3352642893791199,-0.26935808076523243,-0.5818631514906883,-0.11440662443637847,0.5277496397495269,-0.09454822689294815,0.02096846140921116,-1.0088720500469208,-0.8294819727540016,-0.5727773249149323,-1.0926314041018486,-1.0879821449518203,-0.1424402803182602,-0.9477585971355438,-0.5468711292371153,-0.7912183105945587,-0.7332196598406882,-1.1924582496285439,-0.46826797743560744,-1.1020144730806352,-0.9817998684942723,-0.8812756676226854,-0.549662709981203,-0.3663316123187542,-1.143609869480133,-0.9847046256065368,-0.9369969222694635,-0.9387598976492881,-0.47915976122021675,-0.5917958237230778,-1.2124734938144683,-0.7865051805973053,-0.31388348042964936,-1.2649775307625533,-0.09990111498627811,0.4037042140960693,-0.4371007390320301,-0.4123253541067243,-0.17411165162920952,-0.17943625333718954,-0.493482952285558,-0.2582720797508955,-0.13612273205071687,-0.08011405989527702,0.25984741882421075,-0.3148200947791338,0.7302530080080032,0.8632374435663224,-0.3337372437119484,0.25157744958996775,-0.11061319299042224,-0.2998968943953514,0.44802934331819416,0.10379908280447125,-0.3794946536421776,-0.1860384247644106,0.3419719755649567,-0.1187732957303524,-0.46573788672685623,-0.09721991467522458,0.008927419548854232,0.34923781231045725,0.6016478843986988,0.5938132673501968,0.9534270100295543,-0.17132451124489306,0.5324914827942848,0.651733048260212,-0.03186245337128639,0.30756338536739347,0.4486825704574585,-0.5015493884682656,-0.9306784689426422,-1.2073164090514183,-0.792945708334446,-0.42385805696249007,-0.5715707473456859,-0.4899657040834427,-0.6186042852699757,-0.6156246446073055,-0.6931648842990399,-0.2840887986123562,-0.1848015695810318,-0.5396926254034042,-0.1180249560624361,-0.6482447206974029,-0.5442092441022396,-0.531604191660881,-0.6119781151413918,-0.13673548847436906,-0.3443962335586548,0.16604205705225467,-0.4363803505897522,-0.64607895873487,0.05015535429120064,-0.6695616502314806,0.03381016068160534,-0.44396074149699416,-0.45732782473787664,-0.30611607134342195,-0.20760416686534883,-0.40374387465417383,-0.6944710090756416,-0.5998597661033273,-0.18511562794446945,-0.38235704265534876,-0.475861382111907,-0.3226082165725529,0.06245093122124672,-0.9020987093448639,-0.6073947940021753,-0.3227058343589306,-0.5910428494215012,0.0852158097550273,-0.8839004606008529,-0.7854219077154994,-0.5215435974299908,-0.22527800127863884,-0.4309676345437765,-0.07611484378576279,0.012285510450601578,-0.11110723279416561,0.2453090250492096,-0.06579672219231725,0.011076278192922473,-0.11991324573755265,-0.4403705616947263,0.4128804564476013,-0.33736374266445635,0.16878872476518153,0.0067605160176754,-0.916314709931612,-0.27288952386006715,-0.38698764592409135,-0.575107429176569,-0.5268430463969708,-0.6068326897919178,-0.409682415984571,-0.08965927362442017,-0.5346247043460608,-0.5606013298034668,-0.3043561577796936,-0.9868269078433514,-0.2488304958678782,-0.4781816482543945,-0.1115730257704854,-0.7373597666621208,-0.32896772809326646,0.1340776935685426,-0.5423032194375992,-0.07613850496709347,-0.6226645778864622,-0.4348176894709468,-0.7677201632410288,0.5550358593463898,-1.5657735526561738,-0.2754004366695881,-0.0865509495139122,-1.2766491025686264,0.3323772817850113,-0.8508104894310236,-0.6700427293777466,-0.866264533996582,0.09087525606155396,-1.209929919242859,-0.328876132145524,0.17090355306863786,-0.3797256499528885,-1.0857890352606774,-0.6492466760799289,-0.9001303672790527,-0.7182017832994461,-0.5872689450159669,0.38457103073596954,-0.04519742429256439,-0.6010458946228028,0.10278748609125614,0.709320279955864,0.40611858051270244,0.022234082967042924,-0.73589436262846,-0.5043744049966336,-0.27949403449892996,0.7391256704926491,-0.8732533097267151,0.19779280573129654,0.5512463703751564,-0.9704738348722458,-0.8109951630234719,-1.3691766262054443,-0.49146890453994274,-0.9058559209108352,0.4219723895192146,-0.20129441581666468,-0.965701499581337,-0.33748825639486313,-0.4217757612466812,0.07286897152662278,-0.6424312341958285,0.3967607967555523,-0.5937628861516714,-0.3076999339857139,-0.859123167861253,-0.24313664361834525,-1.1822784760035574,-0.19621889516711236,0.4794068351387978,0.30647163577377795,-0.6836544036865234,-0.9013950139284134,-1.482790035009384,-1.2164992421865464,-0.8679969243705272,-0.7667802423238754,-1.2654824256896973,-0.8983270935714245,-1.3307991445064544,-0.16338415890932084,-1.3316017270088196,-1.1601287305355072,-1.5581311106681823,-0.4682762324810028,-0.9935006443411112,-0.761895264685154,-1.79372478723526,-0.10847087278962135,-1.3942556917667388,-0.7819261342287064,-1.2047313809394837,-0.7261101366952062,-1.5572656869888306,-1.075672976707574,-0.5485746291000396,-1.00171200633049,-0.20981470346450806,0.31354355365037917,-0.9834043458104134,-0.37040479574352503,-0.35196547359228136,0.11523134410381317,-0.5811825705692172,-0.5554251093417406
-0.16024215668439865,-0.3003267541527748,-0.06922170906327665,0.5627122262492776,0.3970232460647821,-0.2038007012568414,-0.0999491136521101,-0.13630890920758248,0.6818327724933624,0.12531011793762445,0.2614024866372347,-0.5864834021776915,0.43459895849227903,-0.6005944043397904,-0.17233662605285643,0.15031804963946344,-0.22440272904932498,-0.024906512722373007,0.13477688506245614,-0.43319109273143114,0.20138639062643052,0.06228340268135071,-0.16646896610036493,0.08257442489266395,0.20483241602778435,0.24401015117764474,0.35332050661090764,0.04018150269985199,0.42337258979678155,-0.06181257758289575,-0.6990800268948079,-0.9921284183859825,-0.7219748556613922,-0.3399384878575802,-0.7205781523138285,-0.31933862864971163,-0.537971168756485,-0.5707283794879914,-0.7281084470450878,-0.7516963480040431,-0.5346606776118279,-0.7117398023605347,-0.8911413550376892,-0.34099842607975006,-0.5011890068650245,-0.6688893392682076,-0.32462468892335894,-0.3527280058711767,-0.370163644105196,-0.10025878306478261,-0.23679127395153046,-0.2984316423535347,-0.31780712492763996,-0.22781115919351577,-0.45941505432128904,-0.8940087716560811,-0.3747547283768654,-0.46762760505080225,-0.42309737503528594,-0.5769012212753296,-1.1655138313770295,-0.592773412913084,-1.020384919643402,-1.3250346586108208,-0.7647245943546295,-0.8663194812834263,-0.6338149085640907,-1.177170805633068,-0.9173612833023072,-0.9035917572677136,-0.3466061681509018,-0.5456137582659721,-0.368225970864296,-1.0113404832780362,-0.25799446552991867,-0.8925002531148494,-0.4318732853978872,-0.3429465479683131,-0.3946936994791031,-0.6126644819974899,-0.3179595395922661,-0.19126971773803234,-0.5607621163129807,-0.20656821690499783,-0.30941129848361015,-1.0093622982501984,-0.9708657771348953,-0.7826037049293518,-0.3806693688035011,-1.4914328753948212,-1.2690134406089784,-0.32896931990981104,-0.056501150131225586,-0.8272174775600434,-0.16436467170715333,-0.3418209135532379,-0.42737541273236274,-0.40280723869800567,-1.048575758934021,-0.3171230470761657,-0.617507304251194,-0.20898418352007866,-0.7349310141056776,-0.811492120474577,-0.5838547334074974,-0.7751659117639065,-0.4073014065623283,-0.49217011891305446,0.610194955766201,-1.1071541994810103,0.19567714519798757,-0.3477333813905716,-1.1838844507932662,-0.0006967201828956604,-0.6494204994291067,-0.6094353839755058,-1.3329750180244446,0.009585798531770707,0.19580655321478843,-0.13390729054808617,0.17527883669827132,-0.20336303785443305,-0.7398383624851703,-0.8808169782161712,-0.5335668921470642,-0.572037373483181,-0.7654802843928337,0.030651815235614777,0.4097180522978306,-0.5746780306100845,-0.7245596148073673,-0.7493581039831042,-0.7302441030740738,0.35029239729046824,0.1374739333987236,-1.0728077590465546,-0.33963832706213,-1.2907478094100953,-0.4444223552942276,-1.2538082659244538,-1.303328213095665,-0.08257988691329957,-0.30622634291648865,-0.21183540038764476,-0.5391902059316636,-0.3347581665962934,0.42005743384361266,-0.9243791773915291,-0.09943445259705186,-0.37034246921539304,0.044141685962677,-0.4136087529361248,-1.0329334914684296,-0.32990770004689696,-0.5608783435076475,-1.0015705585479737,-0.7666958034038543,-0.4614115687087178,-0.46133916079998016,-0.2216625155415386,-0.4915856018662453,0.025812816619873048,0.4771751046180725,0.07548032999038697,0.08674008883535862,-0.9676806509494782,-0.7501161754131317,-0.5806794613599777,-0.9693313673138618,-1.0319235116243362,-0.025221237540245058,-0.9626176178455352,-0.41667109038680794,-0.6774871349334717,-0.693859184300527,-1.0760461524128915,-0.4342164697241969,-0.9858236759901047,-0.8448031760752202,-0.7421377558261156,-0.4547654815018177,-0.2796050004661083,-1.0652953267097474,-0.8117503875866532,-0.8589718375355005,-0.8389837667346001,-0.3018351323902607,-0.5277187325060367,-1.2625110745429993,-0.6316435009241104,-0.13672462701797486,-1.0568292301148177,-0.06810117869172246,0.43287981748580934,-0.36903598383069036,-0.2826025741174817,-0.017551251500844956,-0.16264221551828087,-0.4689834167249501,-0.29781300239264963,-0.30142294317483903,-0.19045492112636567,0.14671689704991878,-0.4639034803956747,0.5729398280382156,0.7482843391597271,-0.3965500742197037,0.23182857111096383,-0.22425094731152057,-0.3403459593653679,0.4715178574435413,0.10709853237494826,-0.33417356610298155,-0.172352512870566,0.3258900359272957,-0.24776987433433534,-0.41950034350156784,-0.0831695047323592,0.03677697605453432,0.3060536630451679,0.5983717299997806,0.47123041152954104,0.8753423064947128,-0.06694278232753277,0.5547237232327461,0.5521822959184647,-0.034428194910287854,0.29632542431354525,0.391120982170105,-0.46604046449065206,-1.1546289026737213,-1.3809735640883445,-1.0332665756344794,-0.4302352692000568,-0.539436798542738,-0.37420481741428374,-0.8489182002842426,-0.8303275249898434,-0.6316549733281136,-0.2741538487374783,-0.264450703561306,-0.6084226399660111,-0.16793380863964558,-0.8512574553489685,-0.6128133796155453,-0.5827359154820442,-0.6468162193894387,-0.14550378546118736,-0.3214379794895649,0.20704577937722207,-0.48080717623233793,-0.7352159846574068,-0.023739299923181533,-0.712690931558609,-0.0796170461922884,-0.5956312212714693,-0.5655517193488777,-0.3935480028390884,-0.3960269719362259,-0.5079113867133855,-0.7783834651112557,-0.6868835726752878,-0.4512430414557457,-0.5885674234479665,-0.5270040363073349,-0.40811523692682383,0.09034442566335202,-1.0255682587623596,-0.7655307028442622,-0.45247834697365763,-0.6280555993318557,-0.05014791209250689,-0.860098871588707,-0.6564366716891528,-0.3612170867621899,-0.25899726077914237,-0.34566489420831203,-0.16911979466676713,-0.10937471315264702,-0.07721694968640805,0.13523091077804567,-0.04416252495720983,-0.07115075937472284,-0.20846554785966873,-0.4022831936832517,0.3717780888080597,-0.35781603045761584,0.2133684542030096,-0.08466430678963661,-1.0202200144529343,-0.33427961384877564,-0.4005732610821724,-0.7697444953024387,-0.5988593026995659,-0.7405670538544655,-0.5952491154894233,-0.23693090081214904,-0.7302387740463019,-0.6914757698774338,-0.49777874946594236,-1.0773019380867481,-0.2716688559390604,-0.586955988407135,-0.19245065171271564,-0.7262408092617989,-0.3993543852120638,0.12162667964585125,-0.688406977057457,-0.15796514116227628,-0.5896492790430784,-0.4688813565298915,-0.7419342938810587,0.4585878312587738,-1.5849795818328858,-0.2931895025074482,-0.14932445734739302,-1.3872968018054963,0.25094162821769717,-0.7347231600433588,-0.6634649097919464,-0.7727140069007874,0.08624209761619568,-1.157383108139038,-0.3711663503199816,0.1628206714987755,-0.42456462383270266,-1.0609207257628441,-0.6796259647235274,-0.9471601605415344,-0.6914427310228348,-0.5375106761232018,0.3224336713552475,-0.2312214642763138,-0.4650086976587772,-0.01799268536269665,0.6258346229791641,0.3505702821537852,0.07878303602337837,-0.6860815390944481,-0.5178986988961697,-0.34501284286379813,0.8567568853497505,-0.7690988898277282,0.20127244144678116,0.5591596677899361,-0.993824228644371,-0.8237807288765907,-1.2996846556663513,-0.4800418894737959,-1.0334329575300216,0.32216029763221743,-0.25893241725862026,-1.055394572019577,-0.24757199138402938,-0.3582453399896622,0.04339693039655686,-0.6636106718331576,0.32265017852187156,-0.6087779507040978,-0.22947662208462133,-0.8003509973175824,-0.3371629729866982,-1.037147639039904,-0.15662867948412895,0.34726858139038086,0.4398636598140001,-0.7573828220367431,-0.8070923238992691,-1.5065587222576142,-1.291053330898285,-0.8549042753875256,-1.0253702014684678,-1.328884595632553,-1.0325238168239594,-1.249339997768402,-0.08912821561098098,-1.2812272667884828,-1.230041927099228,-1.4556590437889099,-0.46411541700363157,-0.8754678074270487,-0.6814876452088356,-1.7111814439296722,-0.05283545330166817,-1.3497065961360932,-0.6161638528108597,-1.1733514428138734,-0.6768868329003453,-1.4527286469936371,-0.9094552889815531,-0.5223465826828033,-0.9114481184631587,-0.1278360705357045,0.3285557135939598,-0.841811104118824,-0.367245034314692,-0.20964184850454332,0.16052686870098115,-0.5272300435230136,-0.5351942617446184
-0.3135475680232048,-0.42373633533716204,-0.1550085315015167,0.48834841046482325,0.35584570951759814,-0.2727842337451875,-0.12054873071610928,-0.29040518030524254,0.6063702195882797,0.12953854613006116,0.2914470512419939,-0.5189165245741606,0.4313635975122452,-0.6725274235010147,-0.1673038825392723,0.15164508745074273,-0.3537505690008402,-0.03967715110629797,0.04702946618199348,-0.35241536316461863,0.19440988600254058,0.02301018387079239,-0.24475698480382563,-0.006361618638038635,0.12020456865429878,0.17857732251286507,0.23330388406757266,-0.018375803157687186,0.2761212043464184,-0.21040593478828667,-0.7486176691949368,-0.9716732129454613,-0.8462047524750232,-0.2749472849071026,-0.6975253973156214,-0.35324489921331403,-0.6745653212070465,-0.6521848365664482,-0.7883478246629239,-0.7974576381966472,-0.589329431951046,-0.8140746027231216,-0.9484547182917595,-0.34524478316307067,-0.45497431308031083,-0.6253777608275414,-0.3042851634323597,-0.26465623639523983,-0.4225750632584095,-0.05647368934005499,-0.2664197742938995,-0.3466945022344589,-0.3453591138124466,-0.38290845304727555,-0.5897920519113541,-0.9149727046489715,-0.4514337942004204,-0.620935370773077,-0.45920017808675767,-0.6804888814687728,-1.1832434296607972,-0.722766226530075,-1.0701013684272767,-1.5352495431900024,-0.8321420252323151,-1.0053062617778779,-0.7678901866078377,-1.3677875980734826,-1.004431962966919,-0.9651346616446972,-0.5282269328832626,-0.5563036248087883,-0.41047882437705996,-1.1297648951411248,-0.32882980853319166,-1.0170826465822755,-0.5707309946417809,-0.33963556359522046,-0.45059582591056824,-0.7310645207762718,-0.4121423318982124,-0.25372504703700544,-0.5412708789110183,-0.22342397831380367,-0.24598821625113487,-0.9464068606495857,-0.9182194918394089,-0.7432104140520096,-0.4439016655087471,-1.4196515023708343,-1.2374007195234298,-0.40188093110919,-0.21341639161109924,-0.8816628068685531,-0.31051071882247927,-0.4831158220767975,-0.4093935079872608,-0.4067430436611176,-0.98905428647995,-0.37141522374004127,-0.6116742804646492,-0.14335823878645898,-0.7891235690563917,-0.8117529489099979,-0.6652385607361794,-0.8228632770478725,-0.36085937172174454,-0.4805879697203636,0.47163593024015427,-1.0882992535829543,0.07209192700684071,-0.3895311146974564,-1.247877475619316,0.049545036256313325,-0.5963303487747907,-0.4811413690447807,-1.173998451512307,0.057181257754564285,0.1775895580649376,-0.2237178348004818,0.18404527625534683,-0.2955788798630238,-0.9198308892548084,-0.8572147250175476,-0.4717860758304596,-0.5225207924842834,-0.731314642727375,-0.22813153713941575,0.1653379775583744,-0.5987148851156234,-0.8766762264072895,-0.8474168745800853,-0.7257193326950073,0.2729725904762745,0.11099611967802048,-1.126971435546875,-0.48934403508901597,-1.1806157201528549,-0.5598649829626083,-1.2463575303554535,-1.2423287779092789,-0.16430376023054122,-0.3493336021900177,-0.3217844408005476,-0.6218020290136337,-0.3170296620577574,0.3669191628694534,-0.8479303315281868,-0.18142347866669298,-0.2948154389858246,-0.14686009287834167,-0.42635879181325437,-0.9811209172010422,-0.38116178698837755,-0.555718345567584,-1.0160587839782238,-0.8249786213040352,-0.49035755842924117,-0.6324964195489884,-0.26086304797790943,-0.3759101673960686,0.00497889518737793,0.2631108582019806,0.07358191311359405,-0.01746891550719738,-0.9930597841739655,-0.5783289775252343,-0.5422014176845551,-0.8340245172381401,-0.8780668586492538,0.014075163006782531,-0.9595223605632782,-0.29883668329566715,-0.6369426131248475,-0.6907925134059042,-0.8906500652432442,-0.3953354122233577,-0.892932590842247,-0.8076547481119632,-0.7091094870120287,-0.36700418069958685,-0.3017671756446362,-1.015675413608551,-0.631792695634067,-0.7455191288143397,-0.7664759978652,-0.27290524914860725,-0.5883338905870914,-1.3057794451713562,-0.5454323917627335,-0.05841026902198791,-0.8466366719454527,-0.0912549695232883,0.3504061222076416,-0.36043240800499915,-0.24780304376035928,0.06964587643742562,-0.13199003818444907,-0.48737109201028944,-0.3504897277802229,-0.42386507242918015,-0.3244093507528305,-0.030187000473961233,-0.5849155392497778,0.3997980386018753,0.6174526147544384,-0.5205241531133652,0.2296393819153309,-0.4134537298232317,-0.3540721669793129,0.40870016468688847,0.06513719325885177,-0.25545541048049925,-0.11312323132588062,0.296339363604784,-0.40844819843769076,-0.46767721325159073,-0.11291218735277653,0.016675456101074813,0.18343143537640572,0.5901596553623676,0.29719213843345643,0.7173329681158066,-0.03591098003089428,0.4959164157509804,0.3878826886415482,-0.10726911202073097,0.17030901163816453,0.24639750123023987,-0.4468447618186474,-1.2540701270103454,-1.3794332906603812,-1.0564955815672874,-0.27720775855705143,-0.5329267799854278,-0.2649014458060265,-0.8848088540136814,-0.9770545922219753,-0.6200951769948005,-0.26119929179549217,-0.3508998975157738,-0.648235023021698,-0.18983337767422198,-0.982110470533371,-0.7526157192885876,-0.6508357957005501,-0.616223755478859,-0.23512279614806175,-0.29366991147398946,0.20833203867077826,-0.44716896414756774,-0.8241080846637487,-0.092227653414011,-0.7624028578400612,-0.14771998412907122,-0.7222300562629244,-0.6551496091298759,-0.5655182063579559,-0.5032826364040375,-0.6549878377467394,-0.9512593060731888,-0.8137403041124344,-0.5574324235320092,-0.7417207356542349,-0.694546976685524,-0.5093562857247889,-0.005354184284806251,-1.1745871484279633,-0.8532030019909144,-0.5721433654427528,-0.7039185881614685,-0.20530440527945756,-0.8224826067686081,-0.5745219249278307,-0.21114129647612573,-0.3489858888089657,-0.30968352518975734,-0.3393877103924751,-0.2916181616485119,-0.12472039721906185,-0.0625084400177002,-0.1372693174518645,-0.18826284371316432,-0.37219266444444654,-0.4395774563308805,0.20428170263767242,-0.40429212190210817,0.15212216787040234,-0.2586844481527805,-1.087425810098648,-0.37183130299672484,-0.5278116181492806,-0.9093565464019775,-0.6586218073964119,-0.7612248450517655,-0.7409861674532294,-0.38782974481582644,-0.8502267207950354,-0.8396597057580948,-0.69849112033844,-1.1398682832717895,-0.2419706561602652,-0.6930730938911438,-0.1673983046784997,-0.8006614223122597,-0.48327862210571765,-0.019444240583106877,-0.7968529284000396,-0.3742747213691473,-0.6954453956335783,-0.5610402612015605,-0.774544283747673,0.44938100054860114,-1.5575277209281921,-0.327273141592741,-0.20908429473638535,-1.3823315382003785,0.14862043261528016,-0.6757625732570887,-0.705327832698822,-0.5839565668255091,0.20885471254587173,-1.2347562551498412,-0.3711554531008005,0.1458643689751625,-0.4488417625427246,-1.067810122668743,-0.6956979429349304,-0.9601422518491745,-0.7018762618303299,-0.4416393170133233,0.1212083339691162,-0.4676231414079666,-0.41017943397164347,-0.20927187018096446,0.39790876805782316,0.17659238558262585,0.09143921807408333,-0.60919139534235,-0.53704878911376,-0.31260027810931207,0.8096777096390724,-0.6758212864398956,0.03361945152282715,0.4180609852075577,-1.0346772849559784,-0.8127791479229927,-1.2591410517692565,-0.5130556061863899,-1.0851339012384416,0.16316619515419006,-0.40743793807923795,-1.1187880039215088,-0.25453305095434187,-0.36870860755443574,-0.09133748039603233,-0.7211935568600893,0.39185368195176123,-0.5340792313218117,-0.22043011520290748,-0.7545301233418286,-0.4151920035481453,-0.9040659167803824,-0.28237506076693536,0.0840012788772583,0.3818784970790148,-0.7581457376480103,-0.8460309058427811,-1.4208732008934022,-1.2177213355898857,-0.895087068527937,-1.1203760370612144,-1.3240444958209991,-1.0637328565120696,-1.1764457464218139,-0.0687403753399849,-1.2316245317459107,-1.3031597673892974,-1.344432783126831,-0.4354998588562012,-0.7983292046934366,-0.6542919293045998,-1.5835847020149232,0.05398480221629143,-1.314487236738205,-0.6130722790956498,-1.1416260719299316,-0.6292864682152868,-1.395114678144455,-0.7724326238385402,-0.6179622319061309,-0.8261052165180445,-0.042884081369265914,0.3030659890733659,-0.6593274286016821,-0.38739372286945584,-0.10814189091324806,0.13334403932094574,-0.5315221918746829,-0.4929419595748186
-0.44388187378644944,-0.444830946624279,-0.2398393818642944,0.3589775273576379,0.2527231741696596,-0.37137890523299577,-0.08407808169722557,-0.5308231852948666,0.4663489907979965,-0.009389354661107064,0.3147090833634138,-0.49115716498345136,0.25947754085063934,-0.7988119512796402,-0.21048290580511092,0.12599555775523186,-0.5134440127760171,-0.02884076740592718,-0.030229567736387252,-0.3037171315867454,0.1704709604382515,0.00484061986207962,-0.332795858476311,-0.14068266451358796,-0.008473845571279526,0.09670793786644935,0.10216008166316896,-0.00890841893851757,0.09117094799876213,-0.3902466962113976,-0.7827977269887925,-0.8759462594985962,-0.8433850176632405,-0.18696708902716636,-0.6081724110990763,-0.31038917750120165,-0.7172717303037643,-0.6138978853821755,-0.701883864402771,-0.7694653511047364,-0.5699563190340996,-0.8272827576845885,-0.9147849515080452,-0.25894313454627993,-0.2978735610842705,-0.47547920793294907,-0.21298654172569514,-0.13009711615741254,-0.5514540731906891,-0.061302021704614164,-0.19357874393463134,-0.3273705307394266,-0.276920223236084,-0.5032443717122078,-0.6703848332166672,-0.8782445266842842,-0.43987820148468015,-0.7773448131978512,-0.4290922090411186,-0.7491977512836456,-1.1493147552013396,-0.7043287634849549,-1.0546382427215577,-1.5325871109962463,-0.8077255487442017,-1.0552353799343108,-0.866776667535305,-1.487269565463066,-1.0103209555149077,-1.0687334030866622,-0.693158432841301,-0.544709338247776,-0.4010980769991875,-1.2466978788375855,-0.4616077199578285,-1.0912287414073945,-0.7567843779921531,-0.43514274903573097,-0.5468476489186287,-0.9172209978103638,-0.517078547924757,-0.4021479915827513,-0.5920543283224106,-0.3088998790830374,-0.2426234193146229,-0.9045500889420509,-0.8702235490083694,-0.7264361709356308,-0.5308466985821724,-1.2643168449401856,-1.1940160721540451,-0.4398240840062499,-0.400048154592514,-0.9203948572278022,-0.5201712429523468,-0.5511451870203018,-0.28518806472420694,-0.4634619414806366,-0.9884054660797119,-0.31370358224958184,-0.6516891032457351,-0.17927933260798454,-0.8466410201042891,-0.814754917472601,-0.7726784661412239,-0.9448210917413234,-0.5118196979165077,-0.48943447694182396,0.23014405220746995,-1.077195832133293,-0.1692994933575392,-0.44749521613121035,-1.329735392332077,0.008123885095119476,-0.6073518320918083,-0.4816706940531731,-0.9954804281704128,0.06847417950630189,0.13968128263950347,-0.22931065484881402,0.11002748927567155,-0.3206851787865162,-0.9767161883413792,-0.8282658994197846,-0.3912587434053421,-0.4327293783426285,-0.667375023663044,-0.5189445659518241,-0.1027208112180233,-0.6649513930082321,-1.053118395805359,-0.9746798872947693,-0.7198760531842708,0.11221858188509941,-0.060960276424884795,-1.1389968812465667,-0.6773319348692894,-1.0692328721284867,-0.7232601761817932,-1.1799106121063232,-1.1321193546056747,-0.28353059887886045,-0.2963902175426483,-0.44835372678935526,-0.6465142428874969,-0.33754572421312334,0.24552516490221024,-0.8078791573643684,-0.23139076763764024,-0.3211710512638092,-0.34660901576280595,-0.40101416148245334,-0.8853638380765915,-0.46012482792139053,-0.5954468593001365,-0.9053126089274883,-0.7649244636297226,-0.4666035696864128,-0.7360107600688934,-0.3631746859755367,-0.20376657098531722,-0.07805178761482238,-0.03553269803524017,0.013627490401268006,-0.17890512011945248,-0.9794627726078033,-0.4389798387885094,-0.49043311178684235,-0.7076608464121819,-0.880135115981102,0.0025892287492752077,-1.0086050927639008,-0.2955977549776435,-0.6363417744636536,-0.7147132401820272,-0.6655437245965004,-0.44467356224777177,-0.8602951139211654,-0.8292463041841984,-0.7054335016757249,-0.33806219771504403,-0.38251116797327994,-1.033029520511627,-0.5155675185844302,-0.7101302061229944,-0.7218871161341667,-0.25869780853390695,-0.6197303511202336,-1.3471892535686494,-0.3227752953767776,0.11373910903930665,-0.6049060117453336,-0.002564870030619204,0.18449981212615968,-0.30754373148083686,-0.20699738804250956,0.013081849366426469,-0.21805527689866722,-0.5157890488393605,-0.4725995738059282,-0.5623239681124688,-0.3599947325885296,-0.10824289484880864,-0.6813278015702963,0.2242652878165245,0.5102203008718789,-0.5982697069644928,0.31675279811024665,-0.6312613923102617,-0.41827665865421293,0.3431187125854194,0.05097431782633066,-0.19546662271022797,-0.1813143662555376,0.25132591724395753,-0.5325748771429062,-0.38070392310619355,-0.18789352513849736,-0.03477522856555879,0.22984586879611016,0.5028785713016987,0.10088983774185181,0.571986673772335,0.03135944791138172,0.34270336776971816,0.20060143768787383,-0.12638589665293692,0.06635823547840118,0.03915311694145203,-0.4254619084298611,-1.216481453552842,-1.234867887198925,-0.9608952909708023,-0.22596393404528498,-0.42930579781532285,-0.049743203818798064,-0.7650684028863907,-0.9368169039487839,-0.5418673694133759,-0.13733901008963584,-0.30904098600149155,-0.6240200102329254,-0.10805635824799538,-0.9685472041368485,-0.8523682542145252,-0.5674404665827751,-0.5606309086084366,-0.23228190168738366,-0.2442855231463909,0.025210604816675187,-0.29418368339538575,-0.7937524449080229,-0.017510265856981278,-0.711451468616724,-0.18334531374275684,-0.7249993536242982,-0.6110185029916465,-0.6981758892536163,-0.48318089842796325,-0.7389132220298051,-1.0648865818977356,-0.8812881737947464,-0.5067878797650337,-0.7870407905429602,-0.7286054790019989,-0.5871154115535319,-0.06977970041334629,-1.3042751967906951,-0.9564798310399055,-0.6921722635626792,-0.8065859407186509,-0.33940748292952777,-0.8320510953664779,-0.43626834638416767,-0.11112081035971641,-0.36857502087950705,-0.35428277514874934,-0.5402306035161019,-0.3613649271428585,-0.14293995760381223,-0.28757954239845274,-0.23776370408013464,-0.35078961960971355,-0.596225093305111,-0.5006165941711516,0.003784176707267761,-0.48324467726051806,0.040422837063670156,-0.42413143292069433,-1.0399779081344604,-0.4927409744821489,-0.6586057618260384,-0.9747294336557388,-0.6514039590954781,-0.6806221559643746,-0.7575153514742852,-0.43130899369716647,-0.8705631017684936,-0.9477105796337127,-0.8269626379013062,-1.124623066186905,-0.2702164568938315,-0.8194382607936859,-0.2729430118575692,-0.761968195438385,-0.5313037414103746,-0.01039119209162891,-0.8938997656106948,-0.5163984805345535,-0.8271296035498381,-0.6817410862073302,-0.758091589808464,0.3114761896431446,-1.4833406269550324,-0.313972794264555,-0.21319555826485156,-1.3652973473072052,0.021822831034660338,-0.6635625157505274,-0.6926449596881866,-0.435154377296567,0.19274485260248184,-1.163643330335617,-0.35517210960388185,0.05365988165140152,-0.4927655220031738,-1.0339327976107597,-0.6120345210656524,-0.9475031703710556,-0.6222524017095565,-0.24164280984550715,-0.06716017127037048,-0.6482689827680588,-0.34011561051011086,-0.34917371682822707,0.20603586733341217,-0.019102990813553333,0.08409706503152847,-0.5669509336352349,-0.5685986004769802,-0.4033928893506527,0.6592916011810303,-0.5610637903213501,-0.11760390698909759,0.228262060880661,-0.9985873222351074,-0.7239059165120125,-1.1847490906715392,-0.543608020246029,-1.0739729940891265,-0.06494633555412292,-0.5750040050595999,-1.0930246710777283,-0.29793070405721667,-0.32070843279361727,-0.22409072145819664,-0.7062903393059969,0.33482773825526235,-0.5218815132975578,-0.27451139424229043,-0.7617255364544689,-0.4102676913142204,-0.7182012300938367,-0.40283565148711203,-0.14466593861579896,0.3203392941504717,-0.7536794900894165,-0.8569468170404434,-1.3352001309394836,-1.110541831701994,-0.8728747121989727,-1.0579112395644188,-1.2840422928333282,-0.9735406890511513,-1.117051327228546,-0.12366507202386856,-1.1903560757637024,-1.3111992061138154,-1.246989333629608,-0.4718852639198303,-0.7660751763731242,-0.6596480861306191,-1.4453398883342743,0.10287130484357476,-1.3174843609333038,-0.6352215677499771,-1.1029852867126464,-0.6027542592957615,-1.295419830083847,-0.6187852099887096,-0.7139978018123656,-0.6050309512764216,0.18377229594625533,0.33007534956559537,-0.4610909795388579,-0.3559306273236871,0.0008842937648296356,-0.010766389966011047,-0.39454706441611054,-0.494799243286252
-0.5702536270022392,-0.32967477589845656,-0.41744681685231627,0.2797903785482049,0.1550106007605791,-0.4800724133849144,-0.009479453414678573,-0.7561850391328335,0.3715139001607895,-0.1723009694367647,0.21117127053439616,-0.3569079315289855,0.02882290780544281,-0.8472337365150452,-0.22040179073810579,0.09578123912215233,-0.5663670502603054,-0.0173890283331275,-0.14589298591017724,-0.21132411775179208,0.0661426305770874,-0.139645643113181,-0.3795485273934901,-0.25323534607887266,-0.17434136494994162,-0.056931682676076886,-0.09345088263507932,-0.032490227930247785,-0.07472497299313545,-0.5342034826055169,-0.7098236151039601,-0.6784332692623138,-0.7122391946613789,-0.05565918311476707,-0.6227002684026957,-0.09004300087690353,-0.6329250127077103,-0.42405915409326556,-0.5100352168083191,-0.627282603085041,-0.41106568425893786,-0.7349839996546507,-0.8727950468659401,-0.1569483257830143,-0.158102086186409,-0.3217220142483711,-0.042714149691164494,0.04978710301220417,-0.48879729956388474,-0.06669549699872732,-0.08199510574340821,-0.3008417386561632,-0.21167937740683557,-0.5269884809851646,-0.621831351518631,-0.7228022921830416,-0.35127909779548644,-0.8645705819129944,-0.3484443727880716,-0.7492240846157074,-1.033028770983219,-0.6142800986766815,-1.0228561997413634,-1.4785734355449676,-0.7522603124380112,-1.0601694107055664,-0.8865174144506455,-1.5181272089481355,-0.957087180018425,-1.1471341013908387,-0.7598120480775833,-0.49754746705293657,-0.3997700080275536,-1.2637657046318054,-0.598205654323101,-1.0619454205036163,-0.9559956640005112,-0.5768768198788166,-0.6296221241354942,-1.0846548557281495,-0.6099062860012054,-0.535844425484538,-0.6646260559558869,-0.42485640607774255,-0.24907851591706276,-0.7836501523852348,-0.7817330092191697,-0.6934122174978257,-0.5951173827052116,-1.0714458931237458,-1.1331997245550156,-0.3761147489771247,-0.5110301077365875,-0.8970249250531197,-0.6541482105851173,-0.5470355004072189,-0.18365080803632736,-0.47720655500888826,-0.9931658625602722,-0.2967073952779174,-0.6203732579946518,-0.22156234905123712,-0.9706485610455274,-0.8067370437085628,-0.8831539943814277,-1.0566749177873134,-0.5705921545624733,-0.380287054926157,0.13286415357142686,-1.0506861180067062,-0.12697066217660904,-0.46929732263088225,-1.3915522336959838,-0.09608751684427261,-0.6337307795882225,-0.5764205321669579,-0.860099811386317,0.00021728873252868652,0.09716118201613426,-0.09899830147624016,0.1428520746761933,-0.2613941736519337,-0.8339019276201725,-0.8405257821083069,-0.36992534101009367,-0.41752389073371887,-0.5791859433054924,-0.7132550284266472,-0.31064974293112757,-0.7488277494907379,-1.162225705385208,-1.053059697151184,-0.5879119478166104,-0.1105228193104267,-0.31798416525125506,-1.0689974963665008,-0.8829865470528603,-0.8786338716745377,-0.8876861691474914,-1.0194999128580093,-0.9020237261429429,-0.4349746122956276,-0.3783066153526306,-0.545024873316288,-0.6459466785192489,-0.3929957702755928,-0.06371514052152634,-0.8185108736157417,-0.35424350583925845,-0.310863596200943,-0.4592258587479591,-0.2661299709230661,-0.7288140028715133,-0.48738728910684587,-0.5273520722985268,-0.6694911472499371,-0.6258823841810226,-0.43459214866161344,-0.7579022682271898,-0.481249845167622,0.00407847911119461,-0.1997793734073639,-0.3155837744474411,-0.02540632486343384,-0.33379225842654703,-0.9800478756427765,-0.28952436298131945,-0.4614984005689621,-0.6137420758605003,-0.9199655205011368,-0.03127816021442413,-1.0384092271327972,-0.3372651329264045,-0.6497916460037232,-0.7630677705164999,-0.4308114841580391,-0.4638079645228572,-0.8189632028341294,-0.8302591897547245,-0.6571014303714037,-0.3865312226116657,-0.45094422027468684,-1.0570862770080567,-0.3923795474693179,-0.6676620457321405,-0.6065748140215874,-0.24883014634251593,-0.6734873093664646,-1.391189193725586,-0.17970596849918366,0.1862843453884125,-0.3508283536881208,-0.07035763135645538,-0.05946771502494812,-0.3149444244801998,-0.2257171118631959,-0.006901621073484421,-0.39198939385823905,-0.5405517746694386,-0.5317340020090342,-0.5728992238640785,-0.27907494828104973,-0.25037028952501716,-0.7546206708997488,0.08866214901208877,0.4250199166126549,-0.6196560442447663,0.40008153989911077,-0.7865389782935381,-0.3909499317407608,0.1609051230363548,-0.10313125755637884,-0.07301330119371414,-0.3074864260299364,0.1806449756026268,-0.5646357789635659,-0.32849233895540236,-0.252634933963418,-0.1277636883314699,0.18690447136759758,0.44404711201786995,-0.08603699803352356,0.40133212357759473,0.014685969427227974,0.10219103246927261,0.006640449166297913,-0.07809400111436844,-0.04736479818820953,-0.11387556195259094,-0.4122510127723217,-1.0506996396929025,-0.9655441328883171,-0.6897040516138077,-0.12077341852709651,-0.20188050270080565,0.17425552159547805,-0.5250417321920395,-0.7913994640111923,-0.23042085766792297,0.02413792759180069,-0.1330131098628044,-0.46468993425369265,0.11904123052954674,-0.7903797119855881,-0.9341019310057164,-0.4542481958866119,-0.47504777908325196,-0.22372206375002862,-0.15342739671468736,0.122487024217844,-0.09256328344345092,-0.6803196962922812,0.07654962167143822,-0.5494409121572972,-0.17806487940251828,-0.6568174175539753,-0.5529455873183906,-0.8029081836342812,-0.3796005338430405,-0.6992504674941301,-1.1205624520778656,-0.9231929272413254,-0.515343253314495,-0.7806075360625983,-0.7830922186374665,-0.6332880155183375,-0.09305727146565915,-1.3500605285167695,-0.9815591543912887,-0.7973100408911705,-0.8905260473489761,-0.4035444149747491,-0.7236939102411271,-0.2404973555356264,-0.05091972425580025,-0.3504956565797329,-0.3666909422725439,-0.7013499155640602,-0.2995367519557476,-0.21922018229961396,-0.5350892424583436,-0.3423743856139481,-0.466326105222106,-0.811983235180378,-0.535795529698953,-0.18492606580257415,-0.48495280332863333,-0.022120097652077675,-0.5372847937047481,-0.9836344838142395,-0.7158781236968934,-0.751038844883442,-0.9488603599369526,-0.5891961857676506,-0.5685579016804695,-0.723031735420227,-0.39960491061210635,-0.7736260443925858,-0.9656693547964096,-0.9038793325424195,-1.0392263188958168,-0.23969719409942628,-0.8876499652862548,-0.35747347567230464,-0.736452728509903,-0.5925021726638079,3.307764418423176e-05,-0.8959436982870101,-0.6848836839199066,-0.9873727213591337,-0.7865558302029967,-0.6318115234375,0.23476239070296287,-1.2680952668190002,-0.37598235681653025,-0.23530562222003937,-1.242087197303772,-0.10758940577507019,-0.6236310575157404,-0.6463370561599732,-0.3445825058966875,0.13246902376413344,-0.9082095444202423,-0.32559108883142474,0.0925037607550621,-0.5093151271343231,-0.8990614458918571,-0.5876727318391204,-0.8978788822889328,-0.5404003329575062,-0.20277057979255914,-0.2842431664466858,-0.7935572534799575,-0.3033065848052502,-0.4852116029709578,-0.06917327344417572,-0.2551304580643773,0.049063178896903994,-0.5289604052901268,-0.7108776472508908,-0.5866752378642559,0.44397605657577516,-0.4401418179273605,-0.22703608572483064,0.006392228603363037,-0.859683183580637,-0.6313055977225304,-1.0614816844463348,-0.5181292489171028,-0.9383824033662677,-0.259858238697052,-0.7454237695783377,-1.0372520327568053,-0.3123697444796562,-0.2795790463685989,-0.36750474870204924,-0.6723758030682803,0.18082507327198982,-0.5234936282038689,-0.3639806840219535,-0.7679745827801525,-0.3972961686551571,-0.4912214558571577,-0.528911006450653,-0.34790065288543703,0.22038881815969943,-0.7008733347058296,-0.8121627002954483,-1.1868038140237331,-0.8864368669688701,-0.8282687537372112,-0.8635389670729637,-1.2020422339439392,-0.815246595442295,-1.049471640586853,-0.18713277131319045,-1.1151285767555237,-1.291272407770157,-1.0868492662906646,-0.5334733366966248,-0.7545052710920572,-0.67632527500391,-1.2545872569084167,0.0894114793278277,-1.2951523244380951,-0.650730112195015,-1.0301860630512238,-0.5505351664498448,-1.1821578443050385,-0.45932949635898696,-0.7778203454334289,-0.39733600355684756,0.024758082861080766,0.16124639129266144,-0.42074146028608084,-0.4346108041703701,0.08139495626091957,-0.21342455744743347,-0.26288250368088484,-0.3976227302104235
-0.6046131335198879,-0.22306331545114516,-0.4699092844035476,0.1967236602678895,0.02443932481110096,-0.5452582821249962,0.019309059530496598,-0.8536462835967541,0.19249800741672515,-0.300332685187459,0.09857640378177165,-0.17726275082677603,-0.07861385196447372,-0.8314583897590637,-0.21969314515590668,0.06542466804385186,-0.5015769205987454,-0.016113908402621745,-0.2765438437461853,-0.19290309622883797,-0.023853299021720887,-0.04124468001537025,-0.44261328438296915,-0.31070933640003207,-0.36318732127547265,-0.14027942940592766,-0.24396428724285216,0.02772704977542162,-0.20213880017399788,-0.5806450674310326,-0.5557966865599155,-0.31590147614479064,-0.4482636697590351,0.13776153400540353,-0.45745496489107607,0.18148845583200454,-0.4659760922193527,-0.10749147087335587,-0.2690475344657898,-0.42026190608739855,-0.18428270667791366,-0.5861621033400297,-0.7132929220795632,-0.05665230993181467,-0.008316223323345185,-0.1917737677693367,0.05675504859536886,0.1970382560044527,-0.3282852992415428,0.024629337526857854,0.08211972713470458,-0.21148772798478604,-0.08566987812519074,-0.5475353106856347,-0.6936468198895455,-0.5442702699452638,-0.23786811232566835,-0.8398867577314377,-0.2191712472587824,-0.7049882978200912,-0.8687208700925112,-0.5308761715888977,-0.9940291345119476,-1.4671479165554047,-0.5773927062749863,-1.02761053442955,-0.8877567917108535,-1.5080217719078064,-0.8975678592920303,-1.1340466856956481,-0.6578903496265411,-0.340962179005146,-0.3960937425494194,-1.2313241720199586,-0.7035251513123513,-0.983984237909317,-1.1074521273374558,-0.6621109135448933,-0.6159373685717583,-1.1746859431266785,-0.6527931153774261,-0.6451157286763192,-0.7118497908115387,-0.4769194509834051,-0.2821497477591038,-0.6056442961096764,-0.6477274766191841,-0.748448571562767,-0.6791537508368493,-0.7669686991721392,-1.0451167076826096,-0.21064273025840521,-0.5217712044715881,-0.8044678017497062,-0.6701541796326638,-0.4454204559326172,0.08500146418809891,-0.36158938705921173,-0.982980614900589,-0.12481698151677847,-0.6187883943319321,-0.15520738288760186,-1.066870453581214,-0.6551422089338302,-0.852753932774067,-1.1154798053205013,-0.6990411758422852,-0.2692252181470394,0.13173155281692744,-0.8988536097109318,-0.14091876931488515,-0.49030447006225586,-1.3414494693279266,-0.06299785822629929,-0.5342584799975156,-0.580942676961422,-0.7587050809524953,-0.04472000673413277,0.06683370247483253,-0.003813397139310837,0.11225121098104865,-0.24416214749217033,-0.7479913376271725,-0.6816346168518066,-0.17849324643611908,-0.24448817670345308,-0.45222251713275907,-0.8265004277229309,-0.4553491733968258,-0.8141447067260742,-1.2422281980514527,-1.0819750428199768,-0.36067376360297204,-0.25077774822711946,-0.5802751332521439,-0.9332930088043213,-1.1378070905804634,-0.6536748580634594,-0.99523965716362,-0.8023786187171936,-0.6790661776438356,-0.5094759419560433,-0.48805696964263917,-0.6184667527675629,-0.6377192318439484,-0.38939263969659804,-0.4309122130274773,-0.7679183915257454,-0.35161548340693116,-0.3250268042087555,-0.5938230648636817,-0.09617533721029758,-0.5089929431676865,-0.45083458423614503,-0.32750592976808546,-0.3671669952571392,-0.36824998557567595,-0.23095840513706206,-0.707387778814882,-0.5419467018451541,0.23560293465852739,-0.3445859491825104,-0.5086278289556503,-0.05344054400920868,-0.4890652701258659,-1.005170065164566,-0.12983368933200837,-0.46542471945285796,-0.5742324239108711,-0.884709170460701,-0.109312704205513,-0.9851395666599274,-0.39880501236766575,-0.7056386828422546,-0.7181756143923849,-0.19311889111995698,-0.5703866930794902,-0.7618362575769424,-0.793977902084589,-0.6358923513442278,-0.43001799657940865,-0.4821869216859341,-1.0387527585029601,-0.3129150805994868,-0.5535839635878801,-0.5185287103056908,-0.17113761827349663,-0.6958048082888126,-1.334213924407959,0.008196696639060974,0.2544891878962517,-0.060560015961527824,0.01773935966193676,-0.32871978878974917,-0.30215517804026604,-0.20640094969421624,-0.06336537972092629,-0.5234768110793084,-0.6028879065997899,-0.5366556379944086,-0.47129048556089403,-0.14758922383189202,-0.3253138983156532,-0.819021800532937,0.08851992338895798,0.23952374728396536,-0.4998865216970444,0.43670403957366943,-0.8546578008681536,-0.34951336681842804,-0.07806141348555684,-0.05319552328437567,0.09000325053930283,-0.2236170455813408,0.08908170014619828,-0.5239637076854706,-0.20037527829408647,-0.2467166367918253,-0.24626951492391527,0.22010913118720055,0.4698415234684944,-0.1925446629524231,0.21397829800844193,-0.028732722625136375,-0.20002357810735702,-0.17860446274280548,-0.03511117547750473,-0.17535180747509002,-0.22311760783195494,-0.40356708094477656,-0.7486969236284494,-0.6469136402010918,-0.3572473436594009,0.02367018284276128,-0.04206233024597168,0.3543359026312828,-0.22600813806056977,-0.5737396210432053,0.016134965419769286,0.2210090085864067,0.06323341578245163,-0.21337532997131348,0.33152705058455467,-0.5577392548322677,-0.960404060035944,-0.3154001206159592,-0.3277441769838333,-0.190783653780818,-0.04242977350950241,0.1695100523531437,0.07471611499786376,-0.5614837575703859,0.1616560123860836,-0.3441262163221836,-0.13277466557919979,-0.5501053799496731,-0.5031931373290718,-0.8151353493332862,-0.3010189652442932,-0.7758817810565233,-1.1275556564331055,-0.9320394724607468,-0.3870584949851036,-0.6885001245886088,-0.7763011038303376,-0.5902346686460078,-0.09563268832862377,-1.3147257715463638,-0.8818354547023773,-0.7836399571970105,-0.9405214816331864,-0.400489486195147,-0.603890523314476,-0.01302209384739399,-0.040697527676820756,-0.2901205949485302,-0.3643531706184149,-0.831742487847805,-0.30233158394694326,-0.282418692111969,-0.8115825474262237,-0.4405099627561867,-0.6036451604217291,-0.9820962972939015,-0.5691000511404127,-0.3315137416124344,-0.4218835193663836,-0.06481960397213697,-0.5675851352512836,-0.8235186249017715,-0.893839205801487,-0.838800735771656,-0.836434806138277,-0.5132087230682373,-0.4353376790881157,-0.5739782333374024,-0.27312069535255434,-0.5577148467302322,-0.892923717200756,-0.8803034991025924,-0.9015808925032616,-0.13460676670074462,-0.8533591628074646,-0.30399510357528925,-0.6717423599213361,-0.6311970189213753,0.03428400014527142,-0.7775278985500336,-0.7799906343221664,-1.0970914375036955,-0.816730216704309,-0.43294880390167234,0.2032844103872776,-0.99427330493927,-0.37652101293206214,-0.1980205997824669,-1.0526479959487915,-0.2581446528434753,-0.6598897133022547,-0.5543485954403877,-0.26178847141563893,0.03452533334493637,-0.7332538425922394,-0.2663627538830042,0.06341062411665917,-0.4932128846645355,-0.6542097017168998,-0.5021555727347732,-0.5950000017881394,-0.5899663306772709,-0.06301318984478713,-0.4579055666923523,-0.8651511445641518,-0.24174386486411095,-0.5397859059274197,-0.3379095822572708,-0.5470168532803654,0.04421471357345581,-0.4372962161898613,-0.763527511805296,-0.6642409257590771,0.13432322740554808,-0.39159961342811583,-0.4357257574796677,-0.299173641204834,-0.7142375402152539,-0.4881527706980705,-0.9398886829614639,-0.5278577044606209,-0.7179105086252093,-0.4599780559539795,-0.8774833492934704,-0.9336050793528556,-0.3454772993922234,-0.3195886522531509,-0.5318730175495148,-0.6528314787894487,-0.10434687659144401,-0.3203012689948082,-0.4882438853965141,-0.7156650756485761,-0.2930689327418804,-0.23530469350516797,-0.6578641802072525,-0.48773269057273866,0.0915409553796053,-0.6339747026562691,-0.8047435849905014,-0.9542699955403805,-0.580618392676115,-0.8102531187236309,-0.6288273200392723,-1.08015870526433,-0.5979303851723671,-0.9463525176048279,-0.25111916065216067,-1.0155411541461945,-1.1686551868915558,-0.9721747443079949,-0.5449186503887177,-0.7715197507292032,-0.7417199015617371,-1.0528813363984226,0.13632943788543345,-1.259433913230896,-0.6713316321372986,-0.98898566365242,-0.5619552435353399,-1.059125930070877,-0.3228077706298791,-0.8310207035858184,-0.12192470766603947,0.03675705217756331,-0.03481283718720078,-0.3137054121121764,-0.5231741063296795,0.15156874656677247,-0.48679710626602174,-0.1499711750075221,-0.276477949693799
-0.6492089316248894,-0.215928915143013,-0.5369733253028244,0.05750599447637796,-0.16427473835647105,-0.6428344488143921,0.1265571489930153,-0.9403817184269428,0.04106851220130921,-0.4492205709218979,-0.031571760401129724,-0.038527009449899195,-0.23492511957883835,-0.8023842006921769,-0.2800925999879837,0.029568022489547728,-0.4399635173380375,0.036453737132251265,-0.4057748720049858,-0.09549651220440865,-0.0406201034784317,0.005377937154844403,-0.5559201494790613,-0.4021811276674271,-0.5352904699742794,-0.27098802849650383,-0.3766211043810472,0.018558249436318876,-0.3737903721630573,-0.6745294103398919,-0.4627396211028099,0.04135058522224426,-0.09624726846814155,0.4691062219440937,-0.2932507302612066,0.4545607104897499,-0.2918202131986618,0.1973819836974144,-0.006075334548950195,-0.18140742033720017,0.07223196178674698,-0.3460846792906523,-0.6697131648659707,-0.04902687016874552,-0.017583335936069488,-0.12508501261472701,0.10450637843459845,0.2016213323920965,-0.28903758376836775,-0.009027396328747272,0.15348495543003082,-0.17208339236676692,-0.06574834808707238,-0.5565053358674049,-0.7881927326321602,-0.3707556653767824,-0.16852279007434845,-0.7928761519491673,-0.18502933024428786,-0.6365609645843506,-0.7494068820029497,-0.5042007714509964,-1.003048312664032,-1.451822978258133,-0.48991307578980925,-1.014326286315918,-0.8994884759187698,-1.5228652596473693,-0.7520208761096001,-1.139074695110321,-0.5449537932872772,-0.15236998945474625,-0.4070387169718742,-1.227832567691803,-0.8046864986419677,-0.9935306072235107,-1.345453430712223,-0.7749026961624622,-0.6350768610835076,-1.242778366804123,-0.7363118693232537,-0.8015540346503258,-0.7766417115926743,-0.5195484038442373,-0.3411224842071533,-0.40603136271238327,-0.6558985402807593,-0.6753480315208436,-0.8262536182999611,-0.5366061441600323,-1.0042140692472459,-0.02460868265479803,-0.505418112128973,-0.7178132191300393,-0.7447453439235687,-0.22202426195144653,0.3112680032849312,-0.22436425387859343,-1.0328448235988616,0.024544229544699193,-0.6579125210642814,-0.04660738706588745,-1.1186790984123944,-0.48227704092860224,-0.8195522263646126,-1.193315862119198,-0.8126990079879761,-0.21182029321789742,0.011679723300039769,-0.7531585223972798,-0.10663358010351658,-0.5180730074644089,-1.2765920013189316,-0.17416326850652694,-0.4457966614514589,-0.6617260992527008,-0.7137398167513311,-0.11168518364429474,-0.042934640496969226,0.00046872571110725405,0.02694042699877173,-0.30885605737566946,-0.6391546003520489,-0.5709837198257446,-0.08427676409482956,-0.13272576928138732,-0.4156841367483139,-0.9491299957036972,-0.6521796159446239,-0.9013470590114594,-1.3445864915847778,-1.1269977569580079,-0.1303795598447323,-0.5686224848031998,-0.8679119139909744,-0.8548676192760467,-1.4186793282628058,-0.5956430368125438,-1.1993916049599647,-0.7000340208411217,-0.5698067450895905,-0.6293024763464927,-0.6639035403728485,-0.7120108246803284,-0.6212044620886445,-0.3438654586672783,-0.7240640327334404,-0.7366392627358437,-0.39340323815122247,-0.3703034043312073,-0.7185573227703571,0.06856830082833767,-0.2451442927122116,-0.37602804899215697,-0.17051937729120253,-0.0025537244975566862,-0.05413744151592255,0.10053130090236664,-0.5501342273317278,-0.5377550417091698,0.40162431746721267,-0.44823122918605807,-0.7170429497957229,-0.18350062370300294,-0.7172556892037392,-0.9753168493509292,-0.1275237649679184,-0.5001682281494141,-0.6708382016513497,-0.8393471032381058,-0.3579173117876053,-0.8923889443278312,-0.5264081424102187,-0.8031368792057038,-0.658605040377006,-0.0746873214840889,-0.7518809469533153,-0.756872883439064,-0.8030888117849827,-0.6905957538634538,-0.5830240704119205,-0.5427227936685085,-1.0571761310100556,-0.32702189665287734,-0.4706514645367861,-0.5118343725800514,-0.2295268528163433,-0.7091178096830845,-1.230231235921383,0.21761174499988556,0.2210933595895767,0.2187072593718767,0.053463805839419364,-0.6005527794361114,-0.266329512745142,-0.2138628238812089,-0.13895524814724922,-0.7165464061778039,-0.624130604416132,-0.5450079783797264,-0.4493008255958557,-0.1460002012550831,-0.4285372817423195,-0.8253834459930658,-0.11745540648698807,0.031115689594298602,-0.4516898229718208,0.4646001622080803,-0.8988849718123675,-0.31068462431430816,-0.32096406193450094,-0.09399420972913504,0.19202497452497483,-0.1629486620426178,0.05078400373458862,-0.4531366989016533,-0.10307217687368393,-0.3124804425984621,-0.2751670134719461,0.3387811057269573,0.33825586289167403,-0.33353801965713503,-0.022058336436748503,0.0016358856111764908,-0.4503475770354271,-0.45888114273548125,0.02307775169610977,-0.29862163960933685,-0.42072389721870423,-0.4366921357810497,-0.41138942278921603,-0.31083910912275314,0.03701852262020111,0.2562364977784455,0.024123874306678773,0.5961688622832299,0.13787390291690826,-0.30314365327358245,0.2759556233882904,0.49469675272703173,0.3493286296725273,0.03919194340705871,0.6271499119699001,-0.26720026433467864,-1.0586693942546845,-0.21148550510406494,-0.2923301950097084,-0.14568052254617214,-0.05779682546854019,0.2662021167576313,0.1512419581413269,-0.42662782557308676,0.12355875298380851,-0.1999957837164402,-0.18615576140582563,-0.5324566085444531,-0.503378591220826,-0.8759111389517784,-0.3129486799240112,-0.847985814884305,-1.1905125558376313,-0.9404640823602677,-0.46835295408964156,-0.7231720451265573,-0.8197413742542267,-0.646948678791523,-0.1744169007986784,-1.3208372682332992,-0.8523922562599182,-0.8608833329752088,-0.9872448146343231,-0.39234579000622033,-0.42316327393054964,0.11662684790790082,-0.12272409871220588,-0.3046025924384594,-0.4066774591803551,-0.967150928080082,-0.3094963155686855,-0.4053687758743763,-1.0559360057115554,-0.5303816448897123,-0.6396291848272085,-1.1344406966120004,-0.6319375684019178,-0.4680795639753342,-0.3888575840741396,-0.1111738121137023,-0.6302230574190617,-0.6875072598457337,-1.0663154259324075,-1.0642246082425117,-0.7318609960377216,-0.36293123960494994,-0.13426846712827684,-0.35422385931015016,-0.054731762409210204,-0.3217389851808548,-0.781812334060669,-0.8102917447686195,-0.7713091127574444,0.04921120703220368,-0.6952102035284042,-0.18102484717965125,-0.4852770309895277,-0.6682105792686344,0.1446060210932046,-0.6417018011212349,-0.8448008880019188,-1.2055672332644463,-0.8783046878874302,-0.3021079242229462,0.11365975514054298,-0.6746018528938293,-0.4790350221097469,-0.1796539256349206,-0.9141875565052032,-0.42827728390693665,-0.694419133104384,-0.4425711050629616,-0.1404166270047426,-0.08426017612218857,-0.6237363383173943,-0.14528282471001147,0.08540338501334191,-0.482868941873312,-0.5334187909960747,-0.3463538741692901,-0.43776810467243193,-0.46263188794255256,-0.005802566185593605,-0.665856784582138,-0.883739122748375,-0.25998328253626823,-0.6057550437748432,-0.6259564191102982,-0.8280296744778752,0.022792987525463104,-0.32608888000249864,-0.9295824639499187,-0.8039710879325866,-0.2524690866470337,-0.4162820100784302,-0.60212382376194,-0.6309951663017273,-0.6186388783156872,-0.4268307685852051,-0.8592612236738205,-0.6205872118473053,-0.5819708837196231,-0.684210479259491,-1.0422035686671733,-0.8340192027390003,-0.42270173579454423,-0.42284887433052065,-0.7026812046766281,-0.6189351815730333,-0.34444552585482596,-0.37205064222216605,-0.6599683657870627,-0.7127122198231518,-0.22172711789608002,0.0033086854964494705,-0.7361348673701287,-0.6299000471830368,-0.11715440265834332,-0.5966100320219994,-0.7998830288648605,-0.6640688203275203,-0.23888294622302056,-0.7976153925061226,-0.24113677591085433,-0.9156897880136967,-0.3624927893280983,-0.8931653529405594,-0.43223010897636416,-0.9189593359827996,-1.0114592403173446,-0.9506486669182778,-0.5822074264287949,-0.8263507340103388,-0.8745297610759735,-0.9487712236121297,0.14405599990859627,-1.2652011454105376,-0.7053968906402588,-0.941964116692543,-0.6904116749763489,-0.9554522514343262,-0.3104702528915368,-0.8915124149993062,0.08515227101743221,0.04304600530304015,-0.2212575607933104,-0.20531972404569387,-0.5473586471751333,0.1380187340080738,-0.7037011802196502,0.06169446129351854,-0.17573825605213642
-0.6610284075140953,-0.06768446117639541,-0.6020173177123069,-0.08112525399774313,-0.34998127035796645,-0.6954954326152801,0.20175318270921708,-1.00148985683918,-0.09843279123306274,-0.5993836358189583,-0.09831229262053967,0.12620402816683055,-0.371683931350708,-0.7417583767324686,-0.2716662626713514,0.0367395281791687,-0.3474713057279587,0.16401244830340148,-0.5171559639275074,-0.01654890552163124,-0.026205423474311828,0.0438502945471555,-0.6579984159208834,-0.42957670614123344,-0.6571184776723384,-0.3588551960885525,-0.5316000621533021,0.03120039887726307,-0.5039393819868565,-0.7633062660694122,-0.4068589136004448,0.4835656940937042,0.2506921522319317,0.7100052423775196,-0.18094918932765722,0.6862393870949746,-0.04673571288585663,0.48054693788290026,0.3407047986984253,0.07376383095979691,0.33441376835107806,-0.09267845265567302,-0.5355178475379944,-0.02381481621414423,0.012350578606128693,-0.008648397028446197,0.1881222387775779,0.24041221290826797,-0.21047761142253876,0.037622963264584544,0.2530758708715439,-0.12590551041066647,0.03229939714074135,-0.54400584846735,-0.8380845561623573,-0.112248270586133,-0.0951335072517395,-0.7000470094382762,-0.16391656189225615,-0.599013602733612,-0.5724058169871569,-0.4841233089566231,-0.9320702850818634,-1.356675910949707,-0.3641288783401251,-0.9864766418933868,-0.841377803683281,-1.5645756244659423,-0.6266009690385544,-1.1653997898101807,-0.438306225836277,0.029281403124332427,-0.39017320722341536,-1.1568721771240233,-0.9010660588741303,-0.9153910487890243,-1.5494366437196732,-0.8714317925274372,-0.6360864564776421,-1.2871942281723023,-0.8265485674142837,-0.937387253344059,-0.826558405160904,-0.547171675786376,-0.35082449316978453,-0.16256289929151535,-0.638241839967668,-0.6358548700809479,-0.9437513187527656,-0.2521292261779308,-0.9258428066968918,0.20333765242248775,-0.42102622985839844,-0.5435631982982159,-0.7114440031349659,0.0004213869571685791,0.5261475339531898,-0.11787900030612945,-0.9937878981232643,0.10548269990831613,-0.5225709661841392,0.029857930541038514,-1.0836312223225832,-0.21829745098948478,-0.6563797190785408,-1.2063786819577218,-0.7886747680604458,-0.05965065434575081,0.03263938669115305,-0.5373073257505894,-0.0864618442952633,-0.537203574180603,-1.133710014075041,-0.29084204584360124,-0.43093091137707235,-0.7422727555036545,-0.5610960467718542,-0.25487820208072665,-0.19686978086829185,-0.05431356821209192,0.07494313197676092,-0.34275171980261804,-0.5411718809977174,-0.35400502681732177,0.1277998521924019,-0.19690407514572145,-0.41564942300319674,-0.9946503892540932,-0.831127654761076,-0.958355849981308,-1.4267407834529877,-1.069910281896591,0.030221112817525864,-0.8326803833246231,-1.0922306925058365,-0.7525569185614586,-1.5780538693070412,-0.4385092698037624,-1.2888399712741374,-0.5275545462965965,-0.3683313513174653,-0.7030281648039818,-0.7699073165655136,-0.8055860310792923,-0.6197570951655507,-0.2909701630473137,-0.8621120572090148,-0.6900170460343361,-0.2942287283018231,-0.35537140965461733,-0.8629410035908223,0.2616129156202078,0.10671181976795197,-0.23314189910888672,0.05083602368831634,0.3835177071392536,0.2269689232110977,0.3815226346254349,-0.31909793382510543,-0.4670405843760818,0.5370595589280128,-0.46517285890877247,-0.8069438114762306,-0.3076684534549713,-0.883824248611927,-0.8932882457971573,-0.1627205029129982,-0.4907133340835571,-0.5048887884709984,-0.7376840783283114,-0.4954954296350479,-0.7442551240324974,-0.5172437159344554,-0.7512754708528518,-0.569079784816131,0.06677328497171402,-0.7791609920561313,-0.6729252375662327,-0.7516024298965931,-0.7279647577553987,-0.681714428216219,-0.5863343223929405,-1.0200252652168273,-0.31677766125649215,-0.3817695166915655,-0.4954875007271767,-0.24644695594906807,-0.6479707770049572,-1.0281904980540275,0.44843682944774627,0.2877075858414173,0.36846011467278006,-0.07372620590031147,-0.750864477455616,-0.2408652573823929,-0.23101158384233714,-0.16324690654873847,-0.7432096767704934,-0.6643862506374717,-0.5054178562015295,-0.3964840203523636,-0.1629458412528038,-0.5777655148413032,-0.8401473425328732,-0.3206407681107521,-0.1994570585899055,-0.4026155896484852,0.5429391354322434,-0.876788817346096,-0.20867109596729277,-0.4799358663149178,-0.06837088596075773,0.34770884960889814,-0.10017129331827164,0.014365953207015992,-0.2886002317070961,-0.03610867559909821,-0.3312971223145723,-0.28311473852954805,0.34945509061217306,0.23331262022256852,-0.4332982003688812,-0.1991291955113411,-0.011644991859793664,-0.6958037361502647,-0.7040242105722427,0.06506166383624076,-0.39758624881505966,-0.5987831473350524,-0.5201268427073955,-0.001846945658326149,0.11684020310640335,0.4970385402441025,0.5779903096146881,0.1526057481765747,0.8462670549750329,0.539040544629097,0.04607721865177154,0.5093176484107971,0.7503264054656029,0.7035613343119621,0.38326466679573057,0.8869570396840573,0.05929018557071686,-0.9171633720397949,0.01132185459136963,-0.13110843449831008,-0.011681198701262474,0.025666795670986176,0.4191445305943489,0.3020860552787781,-0.2037436354905367,0.10829854118637741,-0.018593386560678483,-0.13513719514012337,-0.46011841041909063,-0.4796148638240993,-0.9058947458863258,-0.3079808115959167,-0.8375879902392626,-1.1498360097408296,-0.9257011562585831,-0.38857989609241483,-0.6367751989513636,-0.7824833080172539,-0.6708382457494736,-0.20220915786921978,-1.2373455077409745,-0.7757472068071365,-0.8428222255781292,-0.9545657157897949,-0.3686283390969038,-0.14492025077342988,0.2692209791392088,-0.22577998861670495,-0.28462348505854607,-0.43371969908475877,-1.0773459799587726,-0.2792853578925133,-0.45798194482922555,-1.2448352813720702,-0.6034027647227049,-0.7036401268094779,-1.2750205785036086,-0.7106878966093063,-0.6232931405305863,-0.3989262837916613,-0.1910483604297042,-0.6267087940126658,-0.4704871714115143,-1.2367128029465675,-1.2474997475743295,-0.516457999497652,-0.12832675576210023,0.19597116261720657,-0.05920606851577759,0.2187400281429291,-0.007319918274879456,-0.5823867082595825,-0.6288221493363381,-0.5641573421657086,0.2187814563512802,-0.5774572104215622,0.02647327408194542,-0.16479061655700206,-0.5010378075763583,0.24654272054322063,-0.38114913254976274,-0.7695622280240059,-1.2196312487125396,-0.8802641810849309,-0.10442308783531189,0.06184114143252373,-0.31254327297210693,-0.5393463753163814,-0.16003799233585597,-0.6252624690532684,-0.584245203435421,-0.7407221496105194,-0.32809747010469437,-0.04746944792568684,-0.1410151869058609,-0.503466260433197,-0.06495453305542469,0.1797236166894436,-0.4700462304055691,-0.32279171198606493,-0.17282330747693778,-0.19780839681625367,-0.33720519617199896,0.06538452617824078,-0.7761498987674713,-0.7934527635574341,-0.2740811489522457,-0.610182897746563,-0.8157122969627381,-1.0117152156308293,-0.03635513931512833,-0.20540540665388107,-0.8385331213474274,-0.935877013206482,-0.5171200633049011,-0.3701751694083214,-0.630002349615097,-0.807941323518753,-0.4377327136695385,-0.2609794855117798,-0.7177404254674912,-0.6383872836828232,-0.39334499966353176,-0.8489695608615875,-1.1415716998279095,-0.6983828492462635,-0.43607837036252023,-0.521186500787735,-0.9146949142217636,-0.6255340557545424,-0.47391238138079644,-0.3312853030860424,-0.699834334908519,-0.6078671698458493,-0.045714950561523436,0.24579022713005544,-0.7367724552750587,-0.6837142646312714,-0.2721005450934172,-0.4310347393155098,-0.721366086602211,-0.2991314552724361,0.15002313926815986,-0.7044299133121967,0.10469715744256973,-0.6221398212015629,-0.04196498543024063,-0.7310050696134567,-0.4840343162417412,-0.7541419968008996,-0.7246561139822006,-0.7736752882599831,-0.6379028998315335,-0.773191288113594,-0.8385302171111106,-0.7676452598534524,0.2502276078797877,-1.159653602540493,-0.6893540497869253,-0.7897002905607223,-0.7113523185253143,-0.8128420501947403,-0.20885839577531443,-0.8396431328728795,0.2399515863507986,0.033857973152771594,-0.2977036812342703,-0.04931686278432608,-0.5123988980427384,0.15816358681768178,-0.7536284565925598,0.18461093325167893,-0.1398837838321924
-0.5904400274157524,-0.018159259110689163,-0.5991828486323356,-0.09749422818422318,-0.4572964996099472,-0.6670206844806671,0.23520697504281998,-0.9839155465364456,-0.19295158684253694,-0.733152012526989,-0.1916894018650055,0.34986369255930183,-0.303641240298748,-0.5843909237533808,-0.22778823934495449,0.1481284111738205,-0.17729552388191222,0.30305441450327636,-0.5498062945902348,0.07541516050696373,-0.044644907116889954,0.0830517225433141,-0.677305403444916,-0.4450328886508942,-0.7436101898550987,-0.42643133327364924,-0.6569168251007795,0.029383840039372444,-0.628036979585886,-0.8026273399591446,-0.3256207354366779,0.8850954949855805,0.6379271142184735,0.9893767543137073,-0.05688651818782091,0.9050237074494362,0.2264857679605484,0.7964736148715019,0.608635812997818,0.35241483002901075,0.618519951403141,0.18245781548321247,-0.36939294934272765,0.05923029389232397,0.07234393805265427,0.09289145320653916,0.28840202298015355,0.2690886199474335,-0.09182319045066833,0.12342775650322438,0.35770912915468217,-0.06939337812364102,0.024434950202703476,-0.5808442905545235,-0.8772766694426537,0.07436242811381817,0.018326830863952637,-0.525770901888609,-0.16501181661151348,-0.4847939178347588,-0.43050285764038565,-0.42089963853359225,-0.8567758977413178,-1.2548287570476533,-0.2735269881784916,-0.844228133559227,-0.7338161885738372,-1.4707629799842834,-0.43769485970551614,-1.0921803712844849,-0.2594910398125648,0.2543661579489708,-0.40614024847745894,-1.0401465147733688,-0.9641175210475922,-0.8132190555334091,-1.5363937228918076,-0.8474439390003681,-0.6009585246443748,-1.2346664309501647,-0.8685877859592438,-1.0010226741433144,-0.828971004486084,-0.5376790996640921,-0.37130544185638426,0.11808781176805497,-0.563217562995851,-0.5170205503702163,-1.013813555240631,0.07504084780812263,-0.8127472177147865,0.4629933664575219,-0.2575162351131439,-0.35455704256892207,-0.6279540218412876,0.2683667421340942,0.7367005720734596,0.15020509660243989,-0.8277591481804848,0.3389584505930543,-0.3093534454703331,0.20290293097496032,-1.0093402303755283,0.04904986098408699,-0.5481319651007652,-1.1459127509966494,-0.7321604453027248,0.07407765910029411,0.03669710997492075,-0.348997900635004,-0.05330544635653496,-0.5107597023248672,-0.9766913019120693,-0.4713630512356758,-0.37137443013489246,-0.7198469758033752,-0.42878618752583864,-0.2591502368450165,-0.275808235257864,0.12807737197726965,0.02950466799084097,-0.4181721888482571,-0.45481500793248414,-0.1143734335899353,0.3199872300028801,0.08966110348701477,-0.41360261142253874,-0.9676087334752083,-0.9548789910972119,-0.940642124414444,-1.426044660806656,-0.9742736380547286,0.26012545451521873,-1.0060209721326827,-1.3009560376405715,-0.6193516328930855,-1.660256379842758,-0.2731014512479305,-1.3032561209052802,-0.32271222919225695,-0.21830076817423105,-0.724227427795995,-0.7813173204660415,-0.8451632909476757,-0.5547428371384739,-0.20953256636857986,-0.9777754962444305,-0.6370889604091644,-0.2917091267183423,-0.35002204701304435,-0.9245730042457581,0.5211836930364371,0.4599089056253433,-0.03375390768051147,0.3342807739973068,0.7833949096500874,0.5643744975328445,0.7020566374063492,-0.059406737145036456,-0.3520359286572784,0.6340390250086785,-0.5034222732763738,-0.8560202986001968,-0.38846193850040434,-0.9893451645970345,-0.7845683068037033,-0.2045881673693657,-0.4133952966891229,-0.4513349792454392,-0.6375720364972949,-0.6457310885190963,-0.5545806810259819,-0.5254804180935025,-0.70945052690804,-0.47097070938907565,0.16765534430742263,-0.7902165435254573,-0.5636128164827824,-0.6920006081461907,-0.7534676566720009,-0.7387243539094925,-0.6345306694507599,-0.9754338383674621,-0.28591974060982467,-0.275332697853446,-0.4724422551691532,-0.33375128284096717,-0.6427145168185234,-0.8376909598708153,0.5586779832839965,0.32581479996442797,0.6119974810630083,0.043259508535265924,-0.8492138549685478,-0.17207842767238618,-0.14542024955153465,-0.18572842851281166,-0.694044080004096,-0.6419008729979396,-0.41582775823771956,-0.2125253528356552,-0.12049513012170791,-0.6391393922269344,-0.7495774559676647,-0.3924416914582253,-0.3368848326615989,-0.3703305907547474,0.6355542808771133,-0.7812294363975525,-0.06346438825130463,-0.5736479167826474,-0.023896596021950246,0.5339281246066093,0.05053105801343918,0.021260026097297668,-0.13895804286003113,0.059059235453605655,-0.27797495052218435,-0.2501288255210966,0.33273533135652544,0.200272835791111,-0.4697920814156532,-0.28616550751030445,0.018046464771032333,-0.888124518096447,-0.9129157274961471,0.07445426881313325,-0.43270639404654504,-0.6680655181407928,-0.5265300922095776,0.4285630937665701,0.5374074175953865,0.9109698861837388,0.7712531541474164,0.40644986033439634,1.0402306586503982,0.8930371910333633,0.3639474779367447,0.7378053665161133,0.9477040514349937,0.9619378343224525,0.7193188011646271,1.0927858404815196,0.38532202541828153,-0.8203763246536255,0.19605855345726014,-0.0048930391669273375,0.08890791274607182,0.07165152877569199,0.5575616136193275,0.4112021252512932,-0.04315984733402729,0.06522363158874214,0.1328419826924801,-0.164962188154459,-0.39994916567520705,-0.44699681401252744,-0.8795416936278343,-0.23429636061191558,-0.8210524875670672,-1.1060182750225067,-0.899377492070198,-0.40297443270683286,-0.6448589019477368,-0.7287780195474625,-0.6614575371146202,-0.16889926623553037,-1.1127820193767548,-0.7305260092020035,-0.818598641641438,-0.8578457958996296,-0.3300050269812346,0.0575270414352417,0.39100441746413706,-0.2922797933220863,-0.29067552238702776,-0.4302301317453384,-1.1248707234859467,-0.24662647396326065,-0.46851863861083987,-1.4022860080003738,-0.6254743605852127,-0.7424752827733755,-1.3277672827243805,-0.7376274079084396,-0.7142322838306427,-0.35839394871145486,-0.20276119131594897,-0.5615896288305521,-0.28246934413909913,-1.347038273513317,-1.4163901582360268,-0.29080634787678716,0.08370966315269471,0.5099852934479714,0.24137054681777953,0.48683431148529055,0.2877765864133835,-0.33673781156539917,-0.3811790242791176,-0.33933445140719415,0.35843101143836975,-0.3118459194898605,0.17383714392781258,0.08037592358887195,-0.25407288800925015,0.45125842099078,-0.09346103221178055,-0.6222464635968208,-1.2199478238821029,-0.7906670058146119,0.03759837746620178,-0.009303373843431472,0.02653343677520752,-0.5269057027995586,-0.10920330081135035,-0.335111528635025,-0.7594786807894707,-0.8244207084178925,-0.17783602923154831,0.12340223304927349,-0.2744892120361328,-0.3532522559165955,0.06978940181434154,0.23621682748198508,-0.37838058099150657,-0.04021851271390915,-0.010841301642358303,0.05725213885307312,-0.14035046175122262,0.2551818277686834,-0.8177824527025223,-0.6606587707996369,-0.2200338256545365,-0.6106425747275352,-0.9437986016273499,-1.1123210342600942,-0.055182769894599915,-0.10162142664194107,-0.7032511293888092,-1.0838674664497376,-0.7512099385261536,-0.29733543246984484,-0.6750968806445599,-0.9832853734493255,-0.20709814354777337,-0.01666674017906189,-0.5195662707090378,-0.5891407452523708,-0.13132442366331815,-0.9550702601671219,-1.1774174019694328,-0.5103269346058369,-0.4928209543228149,-0.6296205222606659,-1.04447183907032,-0.6220544975250959,-0.5397864393889904,-0.24605438038706778,-0.7425722673535347,-0.5301101406104862,0.12760718166828156,0.44282544441521166,-0.73344756513834,-0.674958336353302,-0.3982926066964865,-0.24322829395532608,-0.5240376383066178,0.025163457542657853,0.5678406842052937,-0.5221291966736317,0.4424592271447182,-0.33277473226189613,0.3180139884352684,-0.5104163855314254,-0.49394423216581346,-0.5686442479491234,-0.42131197154521943,-0.5983015552163125,-0.6772352457046509,-0.6299889475107193,-0.7652843073010445,-0.5606681040488184,0.4166712933219969,-1.0136606708168983,-0.6474730025976896,-0.6343616873025895,-0.6957417309284211,-0.6301399827003479,-0.12055126245832071,-0.8603261483833193,0.3444134708493948,0.045617486769333485,-0.3960876711644232,0.16794236544519664,-0.48884292263537643,0.10287325289100409,-0.7856968998908996,0.33277991935610773,-0.09635326005518437
-0.5146148830652237,0.05106446072459221,-0.5881219789385795,-0.1600831165909767,-0.6164803028106689,-0.6302010983228683,0.34453647695481776,-0.8584386259317398,-0.2620026171207428,-0.842600767314434,-0.33561033606529234,0.49924033526331185,-0.2082546442747116,-0.42301756478846075,-0.1692019160836935,0.021418482065200806,0.05468710064888001,0.40370002668350935,-0.5937598869204521,0.16154845878481866,-0.10872332155704498,0.08192026545293629,-0.7079928398132325,-0.46183535978198054,-0.9119818434119225,-0.4861359722912312,-0.7791258808225393,-0.010346159711480141,-0.7656623013317585,-0.8259438842535018,-0.2687531553208828,1.2613840043544768,1.0673067085444927,1.2893114991486072,-0.0638320567086339,1.0717148274183272,0.4394849807024002,1.0494268223643304,0.9060340702533722,0.6199668720364571,0.8671396747231483,0.4464273680001497,-0.2651475667953491,0.09143491592258216,0.09614962041378021,0.14544878900051117,0.31515177693217994,0.26120158433914187,0.0019381016492843628,0.20264784134924413,0.44477642327547073,0.00288965180516243,0.03399549052119255,-0.5165081828832626,-0.9270539879798889,0.25432868115603924,0.0649530440568924,-0.3257612280547619,-0.11969608231447637,-0.37912738472223284,-0.3272579152137041,-0.3556001305580139,-0.8260273456573486,-1.1333290353417396,-0.18369195833802224,-0.7649152889847756,-0.673370999097824,-1.3517402470111848,-0.24139649888093118,-1.0016194194555283,-0.08176439553499222,0.4902487188577652,-0.4089992746710777,-0.876762917637825,-0.9846376240253448,-0.7099762976169586,-1.499201298877597,-0.9221604712307453,-0.5439401045441628,-1.1479165114462375,-0.9017397403717041,-1.0589759826660157,-0.8060842633247376,-0.5499847576022148,-0.4263546451926231,0.3352809563279152,-0.4944981401786208,-0.48614720404148104,-1.031753307580948,0.33834136202931403,-0.6728995069861412,0.666917116381228,-0.1050188884139061,-0.18173162266612053,-0.5000071235001087,0.5410875797271728,1.0218520894646645,0.3719089448451996,-0.685655166208744,0.6081683421507478,-0.21723512411117554,0.25433257818222044,-0.8687488205730916,0.29531351700425146,-0.4085338056087494,-1.1434521893039347,-0.7398977003991604,0.22373400256037712,0.10134448651224374,-0.2028978206217289,-0.009843163937330247,-0.5064436554908752,-0.8089133083820343,-0.5913940533995629,-0.20157048888504506,-0.6826736599206924,-0.16851444756612183,-0.32175539880990983,-0.27849228754639627,0.30130925979465245,0.051671656244434414,-0.4440990660339594,-0.1713098781183362,0.07943429946899414,0.5671200409531594,0.26992592215538025,-0.4015753537416458,-0.8694645941257477,-0.9974007777869701,-0.952262070775032,-1.3304929420351983,-0.8066587191075086,0.4584139667451382,-1.1432782232761383,-1.4895857363939284,-0.507595856487751,-1.6713519662618637,-0.1633024148643017,-1.3433997999876737,-0.1464890405535698,-0.059833007492125036,-0.7117458232794889,-0.7723086059093476,-0.8615606278181076,-0.4568822355940938,-0.187969608604908,-0.9807179376482964,-0.6585118124261499,-0.1622676782310009,-0.3643205538392067,-0.9913290977478028,0.6949964907020331,0.8303666979074478,0.1686371386051178,0.6589270263910294,1.1996795065701007,0.9131899386644363,0.988832488656044,0.18043079609051346,-0.2762598156929016,0.6983719259500504,-0.5748023777734488,-0.9170585691928863,-0.49867029041051864,-1.089166797697544,-0.6516962260007858,-0.23086152821779252,-0.35035699224099515,-0.293113180110231,-0.5392962230369449,-0.778617337346077,-0.36444153636693954,-0.5186630489304662,-0.6838925916701555,-0.3942020319402218,0.2655522540211678,-0.8179775945842266,-0.48694374933838847,-0.6710831329226494,-0.7867205366492271,-0.7440186977386475,-0.6735987238585949,-0.9663434743881225,-0.314285927824676,-0.21417009606957435,-0.46379229947924616,-0.3247441276907921,-0.6784245580434799,-0.6697016134858131,0.6541568040847778,0.3543481782078743,0.748197703436017,0.14459851421415806,-0.9210303261876106,-0.09615913033485413,-0.031477675586938855,-0.13262577950954438,-0.6447394579648972,-0.5592859683558344,-0.38123525194823743,-0.06112771034240723,-0.09772917553782463,-0.6554393842816353,-0.6756412655115127,-0.46741575449705125,-0.4831002744846046,-0.238229913264513,0.6444016844034195,-0.6725003570318222,0.010264135897159576,-0.6881870140321553,-0.0016060860827565194,0.6159819260239601,0.09438073486089707,0.04505686759948731,0.06911255121231079,0.12474999055266381,-0.32106042876839636,-0.24378737933002412,0.2651811107993126,0.06768303364515305,-0.5589551433920861,-0.3862242187606171,0.07577449902892112,-1.062982951104641,-1.0347535222768784,0.07689535915851593,-0.46630423292517664,-0.723990373313427,-0.5623376794159413,0.9130912777036428,0.9423168614506722,1.3424298375844956,1.136859050858766,0.5312244266271591,1.2756124198436738,1.265666773915291,0.6801729947328568,0.9113855421543121,1.2228169605135917,1.2116757676005363,1.0314054369926453,1.2715909264981746,0.7268292814493179,-0.7298802971839905,0.37470212429761884,0.06941422820091248,0.19067795611917973,0.13463487476110458,0.6960468798875808,0.5016960397362709,0.11670440807938576,0.019560665218159558,0.2721585802733898,-0.17873418107628822,-0.3769001237116754,-0.3961290642619133,-0.8544980712234974,-0.22923484146595002,-0.8379847869277001,-1.060931566916406,-0.8567302763462067,-0.26836085319519043,-0.5402511976659298,-0.6692360118031502,-0.5890645936131478,-0.2212113318964839,-0.9758260233327747,-0.6334841966629028,-0.7436835648491978,-0.7850675769150257,-0.3079265046864748,0.2601181209087372,0.466517161205411,-0.3729939475655556,-0.271764974296093,-0.4264729395508766,-1.0632109701633454,-0.17799198925495147,-0.5224311292171478,-1.3671838760375976,-0.628754985332489,-0.7070578694343567,-1.3358296692371368,-0.7523489624261857,-0.7566738605499268,-0.36016220804303883,-0.23745439290069043,-0.5120719719678164,-0.08678398728370666,-1.36486794129014,-1.4655412435531616,-0.04028579965233803,0.3042359471321106,0.7724526330828667,0.5176114022731781,0.8293509423732758,0.6545280307531357,-0.06774313449859619,-0.11167206913232804,-0.12739106342196466,0.6249557852745056,-0.07195455431938172,0.44573558643460276,0.4144433755427599,-0.14409388583153487,0.6554026991128922,0.24165756553411483,-0.4687016665935516,-1.210566794872284,-0.7566246429458261,0.24706019163131715,-0.049479905515909195,0.25624263286590576,-0.5089532539248467,-0.09704606402665376,-0.09933122992515564,-0.8567849919199944,-0.7588038146495819,0.0685958817601204,0.3054704677313566,-0.24443767890334128,-0.19298041611909866,0.21242765597999097,0.201151093095541,-0.30030752792954446,0.30625330954790114,0.15845266599208116,0.21119908094406128,0.07428471967577935,0.3171914827078581,-0.8089714795351028,-0.4304389595985413,-0.2084308101795614,-0.5225412026047707,-0.9134695261716843,-1.1297657042741776,-0.04525779187679291,-0.010226918756961823,-0.6131501078605652,-1.1573951900005341,-0.9415179669857026,-0.23166777044534684,-0.6866875879466534,-1.103114339709282,-0.012562393397092819,0.10282325446605682,-0.35455429255962373,-0.5513119898736477,0.047014682181179525,-1.0160684496164323,-1.1514151487499475,-0.3008940227329731,-0.5763533100485801,-0.6613379091024398,-1.1428349137306213,-0.588648266904056,-0.5223950952291488,-0.04041820093989372,-0.7958432003855705,-0.5032557010650635,0.2953658103942871,0.6064211186952889,-0.708336527645588,-0.6459197461605072,-0.5569579061120749,-0.08156130462884903,-0.3569707363843918,0.3573191501200199,0.9961557276546955,-0.3372884221374989,0.7502444997429848,-0.06754114404320717,0.6518464669585228,-0.29125716388225553,-0.43900042325258254,-0.3657716140151024,-0.12851828038692475,-0.3422334685921669,-0.6906515479087829,-0.519741752743721,-0.7041200116276741,-0.399492987152189,0.4328073733486235,-0.8308833077549934,-0.6197735574096441,-0.5101952761411667,-0.7026308819651603,-0.47282381653785704,-0.10067884068703278,-0.8308234348893165,0.5631266172975302,0.21945454054512084,-0.4171931424178183,0.3076430046930909,-0.3960418762639165,0.19001552294939755,-0.7206088364124298,0.4759950786828995,-0.045330415666103366
-0.398513463139534,0.13113227039575576,-0.5263286113739014,-0.26691824942827225,-0.7743826061487198,-0.5613896891474723,0.3377022322267294,-0.7026296883821488,-0.312950349599123,-0.9591906793415547,-0.5183147132396698,0.6388048900291323,-0.1153798446059227,-0.27332890368998053,-0.054826393350958826,0.015084561705589295,0.28362956643104553,0.5069192564114928,-0.6213482052087784,0.34141201302409174,-0.2867394059896469,0.06635410254821181,-0.7041091978549957,-0.3888519681990147,-0.9910525381565094,-0.5543372020125389,-0.9440515279769898,-0.09347705952823163,-0.8711611330509186,-0.7835922420024872,-0.21335460618138313,1.672618919610977,1.4790786378085614,1.4178092993795872,0.09865265917032957,1.2614633947610856,0.7224553614854813,1.521335630118847,1.2168060898780824,0.8779730334877968,1.1406315997242928,0.7865552294999361,-0.11134212613105773,0.1952490022405982,0.2710292309522629,0.2704941600561142,0.39000709261745214,0.34546874314546583,0.20648987591266632,0.28334350027143956,0.5998312845826149,0.12949897721409798,0.19523437544703484,-0.4099438309669495,-0.8275748104322702,0.52598748318851,0.1933010309934616,-0.03966646715998649,-0.013509823521599174,-0.20041668564081191,-0.12762525267899036,-0.09288886785507203,-0.6802144795656204,-0.9172041177749634,-0.004948321729898453,-0.5875538274645805,-0.5595392478629947,-1.1098033666610718,-0.06683473011071328,-0.8759806007146835,0.13250453919172286,0.7052036076784134,-0.562518022954464,-0.6391072303056717,-0.9923509240150452,-0.4229735195636749,-1.3803571093827487,-0.9817652344703675,-0.3496201530098915,-0.9893692053854466,-0.876108118891716,-1.0291980102658271,-0.7490753874182701,-0.5036400526762008,-0.42968722581863406,0.6033637657761574,-0.3792059486731887,-0.4189916059374809,-0.9408877365291118,0.5996266908943653,-0.5485826149582863,0.9393391797319055,0.19471963196992875,0.09307873323559761,-0.24346391037106513,0.8241974532604217,1.2749563336372376,0.6437569469213485,-0.46592396050691604,0.7820270135998726,0.09461348056793213,0.3960705131292343,-0.6003520853817463,0.5669998086988925,-0.23041698932647706,-1.0205743262544273,-0.5939641706645489,0.3308704629540443,0.17431390527635812,-0.01734539046883583,0.09390335455536843,-0.4115701377391815,-0.555604737997055,-0.5866712525486946,-0.06367303021252155,-0.6018965929746628,0.029816360119730233,-0.3999826118350029,-0.27400085255503653,0.393081128410995,0.09808695840183645,-0.40905520180240273,-0.01036351192742586,0.3066037893295288,0.793573297560215,0.3465159058570862,-0.390614777803421,-0.6616594016551971,-0.9185883164405823,-0.9443184554576873,-1.155504022538662,-0.5534156899899244,0.5643511287868023,-1.1676201682537795,-1.5855251789093017,-0.3505284860730171,-1.5047375753521919,0.045019979029893874,-1.2021418165415525,0.0744323804974556,0.1141907935962081,-0.5895836838637478,-0.7149980872869491,-0.7765446871519088,-0.3441241251304746,-0.013190074265003205,-0.8589363142848014,-0.5534593502059579,0.0005521267652511596,-0.41757942317053676,-1.0966033026576043,0.8271006505936385,1.1238100916147231,0.3695363000035286,0.9663108497858047,1.5738586790859699,1.2322482913732529,1.2983060419559478,0.5035487198270857,-0.1787214383482933,0.7460433363914489,-0.5653693802189081,-0.8468993455171585,-0.5434946179389953,-1.0944329097867012,-0.4788528949022293,-0.24118844717741011,-0.2737166560254991,-0.1452551564667374,-0.41299374531954525,-0.8378058969974518,-0.08443271964788437,-0.4942919321358204,-0.6009152490645647,-0.22867929711937904,0.3418682426214218,-0.6633375160396099,-0.3183829553425312,-0.6068251401185989,-0.7572724670171738,-0.6406084463000298,-0.6261248894035816,-0.8462002277374268,-0.28067893665283916,-0.09623756930232048,-0.4245836533606052,-0.2987321525812149,-0.5815662056207657,-0.4227615848183632,0.8689908504486084,0.367568077147007,0.8182949483394623,0.10506586469709873,-0.9332883134484291,-0.028263458609580995,0.15050218924880027,-0.07675580978393555,-0.5563953131437301,-0.43081298749893904,-0.2673702221363783,0.1816321849822998,-0.13487181887030603,-0.6006344246678055,-0.4392704039812088,-0.5140043035149574,-0.5592839005403221,-0.06276385560631752,0.6681963831186295,-0.3989780515432358,0.15615244358778,-0.8340078450739383,0.01710269022732973,0.7323723867535591,0.1708072155714035,0.14585772156715393,0.3750818371772766,0.20209332033991814,-0.2671458315104246,-0.2614222623407841,0.2580008268356323,0.06268216520547867,-0.50432019084692,-0.35961352989543227,0.161903028935194,-1.1548814833164216,-1.0903353810310363,0.12812194228172302,-0.43179307505488396,-0.6819953565020114,-0.5759488590061664,1.347008168324828,1.3902370050549506,1.802743026614189,1.4563470189459622,0.6222026914358139,1.5366406381130218,1.6968690782785416,1.0515141397714616,1.1163155436515808,1.4956276416778564,1.493620966374874,1.368939256668091,1.4667398989200593,1.0908071666955947,-0.38560662269592283,0.6434199914336205,0.2391555428504944,0.36819548569619653,0.23004110008478165,0.855005019903183,0.7301278099417686,0.4088818527758121,0.07772296774201096,0.5280513815581799,-0.043917111307382586,-0.24941775416955353,-0.3062684550881386,-0.731820321828127,-0.1613669652491808,-0.6284857079386711,-0.8638478672131896,-0.6835521176457405,-0.025957250595092775,-0.3449279271066189,-0.49805351048707963,-0.4915839746594429,-0.20381280016154052,-0.7531237108632922,-0.4563722014427185,-0.6068647446110844,-0.6043803878128529,-0.27598343286663296,0.48811798095703124,0.5629484305158258,-0.4437144100666046,-0.189248925447464,-0.373135644197464,-0.9638294607400895,-0.08013269603252411,-0.512725192308426,-1.272336059808731,-0.5681357398629189,-0.6939536616206169,-1.2243834793567658,-0.7330928593873978,-0.6831980139017105,-0.32535865213721993,-0.21545595019124447,-0.34540899880230425,0.1495831072330475,-1.1235240556299686,-1.346692268550396,0.3580663941800594,0.5251876622438431,1.0445206508040428,0.815295958518982,1.1779355585575104,1.0331944555044175,0.24873613119125365,0.21641894429922104,0.135581523925066,0.9615447521209717,0.13578531444072722,0.740239018946886,0.7481235284358263,-0.000660356692969799,0.7826687186956406,0.5932928249239922,-0.23548005819320678,-1.070851856470108,-0.538159797526896,0.5118219971656799,-0.0877135582268238,0.6431617140769958,-0.4843118697404861,0.05048371087759733,0.24069986939430238,-0.8598583742976189,-0.7199516035616398,0.19704291671514512,0.45849651508033273,-0.27612529322505,-0.049393202364444735,0.25457736663520336,0.29175197407603265,-0.11626281216740608,0.54426389336586,0.26211107671260836,0.5389978051185608,0.20845577046275138,0.35346704833209514,-0.6608654767274856,-0.12198296785354615,-0.20568820955231787,-0.2951182141900063,-0.7825137585401535,-1.013521328382194,0.02669546902179718,0.1187492549419403,-0.4080033183097839,-1.1268072128295898,-1.0120556235313416,-0.14427443891763686,-0.5185300938785076,-1.0625097520649434,0.2434575505554676,0.34995960295200346,-0.1857669860124588,-0.3785000525414944,0.27162162531167267,-0.9558484476059675,-0.9874812606722116,-0.06455932930111885,-0.4837031289935112,-0.6104490030556917,-1.1552265644073487,-0.4695500833913684,-0.43446946442127227,0.1624382145702839,-0.6900860324501992,-0.348458993434906,0.4953212201595306,0.7527499494142831,-0.5932001963257789,-0.47323611974716184,-0.5793153882026673,0.22717750519514085,-0.13008399307727814,0.7230498708784581,1.390759850293398,-0.11581726744771004,1.0514090910553933,0.1839761696755886,1.0029903396964073,-0.019345632195472716,-0.3069565400481224,-0.10591748207807541,0.20339232981204985,-0.12110824137926102,-0.6716887772083282,-0.31821209490299224,-0.5387097671627998,-0.17559742545709014,0.7050298445858061,-0.5430153205990791,-0.4815076258033514,-0.25015158355236056,-0.5927637830376625,-0.2899478256702423,-0.029830696061253548,-0.6517458453774452,0.6861191686242819,0.2628369825426489,-0.43484483743086455,0.43776671681553125,-0.22044531125575303,0.18787192236632108,-0.5427533149719238,0.6107699200510979,0.04025537222623825
-0.2268278867006302,0.26287052780389786,-0.38008649945259093,-0.28289672881364825,-0.8423248305916786,-0.4304229661822319,0.3178236123174429,-0.42896720468997956,-0.22535763457417488,-0.9240180961787701,-0.6328835427761078,0.7661526387557387,-0.07683372050523758,-0.03467955924570561,0.07354265488684178,-0.007574924826622009,0.5865452706813812,0.5765288075432181,-0.6009984672069549,0.5080171637237072,-0.33135293126106263,0.005747624393552542,-0.6137528851628303,-0.25457978323102,-0.9462881803512573,-0.5527969047427177,-0.9772605538368225,-0.14332944452762603,-0.8801192164421081,-0.6977280080318451,-0.12960095405578614,2.074192148447037,1.83881803676486,1.4901735663414002,0.19209768306463956,1.347734807431698,1.0256037205457686,1.8055368855595588,1.4469550788402556,1.0681571260094642,1.342285802960396,1.0003511626273394,0.055872826278209685,0.2422177752479911,0.3411751240491867,0.3992200970649719,0.525885677151382,0.49986176639795304,0.4399668246507645,0.5368392292410136,0.7608043909072876,0.26767549887299535,0.30069599077105524,-0.3249232556670904,-0.5652047366369516,0.7518813800066709,0.35803004503250124,0.2838121123611927,0.1376594288740307,0.023357091844081877,0.02995619587600231,0.08933036327362061,-0.49230466187000277,-0.6719775497913361,0.19620418772101403,-0.4102938577532768,-0.37185298930853605,-0.8547388315200806,0.14252133349364157,-0.6675022512674331,0.3725527212023735,0.9818105727434159,-0.631859989836812,-0.37282209694385526,-0.9620154142379761,-0.1608666241168976,-1.208229361847043,-0.9673333272337914,-0.11398934870958329,-0.7491898335516453,-0.7831036504823714,-0.9403085976839065,-0.6475038543343544,-0.4081025987863541,-0.40234018564224244,0.9092243567109108,-0.25293645467609166,-0.29027924984693526,-0.8384666942059994,0.8395111091434956,-0.4368223771452904,1.1415889265015722,0.4987572208046913,0.33013211414217947,0.022584103792905808,1.1103329122066499,1.3884266495704651,0.8166640669107437,-0.29839146733283994,0.9545848622918129,0.171032352745533,0.5692274957895279,-0.33476593568921087,0.7705626450479031,0.05730228424072266,-0.825274963118136,-0.477028863877058,0.45529439486563206,0.44437705520540477,0.08812836930155754,0.14243868067860604,-0.236152982711792,-0.2911169111728668,-0.5633306503295898,0.1358115505427122,-0.5159051507711411,0.17104767644777893,-0.40383369773626326,-0.21369550749659538,0.5196510193869471,0.09313978403806686,-0.4507902049459517,0.12397757302969695,0.574000334739685,1.0882930174469947,0.5996762931346893,-0.3750649850349873,-0.357468181848526,-0.670197594165802,-0.9168504774570465,-0.8646526679396629,-0.273932645842433,0.7026929073035717,-1.0974843930453062,-1.5273925244808197,-0.20932446867227555,-1.3265364646911622,0.16111187711358071,-0.9948058050125838,0.24333874136209488,0.216498345695436,-0.39324761714087797,-0.5619991157203913,-0.6532970845699311,-0.1819912986829877,0.08064033240079879,-0.6902648940682411,-0.4400305518880486,0.16079027950763702,-0.5253940212540329,-1.0892199292778968,0.9026895072311163,1.3990644663572311,0.6220124080777168,1.281989112496376,1.9117277152836323,1.5953885287046432,1.5843939393758775,0.8386558913625777,0.06851346641778946,0.7393012791872025,-0.5020041681360453,-0.6221343368291855,-0.5881827846169472,-0.9996978938579559,-0.25492736995220183,-0.22621149877086283,-0.22222468694671987,-0.08474424839951097,-0.25016017388552425,-0.861173152923584,0.1785635009407997,-0.4420095644891262,-0.5217280972748994,0.032236840575933456,0.33697944283485415,-0.5934281442489009,-0.09794098809361458,-0.47556084096431733,-0.692474489659071,-0.6022642314434051,-0.517675680667162,-0.6406763374805451,-0.27955182660371064,0.05144266560673714,-0.34862074330449105,-0.30449450337328016,-0.4066107779741287,-0.11768024116754532,0.9179703384637833,0.2816911682486534,0.8267930507659912,0.19449144639074803,-0.9628613844513894,0.03993995673954487,0.2331453762948513,-0.05667117238044739,-0.34914073050022126,-0.2819358853623271,-0.08266489319503308,0.5906125664710998,0.045401255041360854,-0.41955053685232996,-0.13000697195529937,-0.4392163917422295,-0.6039557899348438,0.055497356504201886,0.6637975245714187,-0.0746559351682663,0.3527811750769615,-0.8979821138083934,0.1057791031897068,0.8247831955552101,0.2520878937095404,0.2594380289316177,0.7062240958213806,0.2679089330136776,-0.16627117283642293,-0.22540250942111015,0.2319024421274662,0.07620173990726471,-0.38198464959859846,-0.282305561308749,0.1731829538475722,-1.14579536318779,-1.055351233482361,0.23723584413528442,-0.3383507810533047,-0.5391134057659656,-0.5444757848978042,1.7627581473439933,1.7716720655560494,2.1954778701066973,1.612094908952713,0.7844170659780503,1.5949702084064483,2.0729224532842636,1.4040222197771073,1.2249646604061126,1.6391536056995393,1.6016970872879028,1.6429531872272491,1.5427625596523284,1.3966319531202316,-0.02380988597869873,0.8903897985816002,0.43794783353805544,0.5865512099117041,0.36530604884028434,0.9837577015161514,0.9362366661429405,0.6638219751417637,0.1822960193734616,0.7470573388040066,0.20520646199584008,-0.04428827380761504,-0.10477312356233597,-0.4856626994907856,0.0017573516815900803,-0.36263890713453295,-0.6162010109052062,-0.5148139670491219,0.19493639171123506,-0.13182218298316,-0.3310850813984871,-0.32042264491319655,-0.11682750899344682,-0.43856332134455445,-0.1334859848022461,-0.41422677654773,-0.33381025269627573,-0.15652747843414544,0.7447112321853637,0.6294086545705795,-0.4955947160720825,-0.053037868440151216,-0.3075260728597641,-0.7220712929964066,0.1071106255054474,-0.43394708037376406,-1.042234343290329,-0.4685110464692116,-0.5289686545729637,-0.9952413678169251,-0.6575817935168743,-0.4881783574819565,-0.17883372213691473,-0.10692117600701749,-0.06472688801586628,0.4081731140613556,-0.8951765097677707,-1.1700789903872646,0.7748819015920162,0.7061345726251602,1.3717653378844261,1.10430948138237,1.5047557651996613,1.3612739354372025,0.5793651044368744,0.5641188725829125,0.4343571253120899,1.1988352954387664,0.38406183421611784,0.9764603443443776,0.9838015634566546,0.19749142844229936,0.970433683693409,0.9207314237952232,0.03137838840484619,-0.8717400908470154,-0.36138580832630396,0.7289050728082657,0.1714697651565075,0.9889735102653503,-0.364265975356102,0.30231751333922147,0.6487359821796417,-0.7730848625302315,-0.6189189709722995,0.4110529527068138,0.617338041588664,-0.174410530179739,0.05490041524171829,0.37044034115970137,0.20553873106837273,0.03785100504755974,0.8841160476207733,0.32017155140638354,0.7906087577342987,0.2958854340016842,0.28803541176021097,-0.4124842554330826,0.22088521718978882,-0.2250961516983807,-0.02336883693933487,-0.5451827377080918,-0.8600819839164615,0.1140883982181549,0.3063631892204285,-0.16832176446914673,-1.018240924924612,-0.9461815848946571,-0.10872487090528012,-0.3267338745296001,-0.9614068798720836,0.4746873266994953,0.6121682435274124,-0.016049841046333314,-0.23399664387106894,0.46632307637482884,-0.8437049198895693,-0.7297305945307017,0.16959590837359428,-0.30456752628087996,-0.5090917635709047,-1.074947713315487,-0.34425795655697583,-0.2073953002691269,0.31649103164672854,-0.5555974975228309,-0.13525967597961425,0.7093182384967804,0.934816783387214,-0.3432919219136238,-0.18632860183715821,-0.5459225952625275,0.63472670763731,0.06016192138195038,1.0702387608587742,1.7767127104103566,0.18353380486369134,1.2873162642121314,0.4171102486550808,1.3987387165427208,0.1726568251848221,-0.17773490399122238,0.16282228976488114,0.5997314482927323,0.031466640532016754,-0.6079395893029869,-0.16576647162437438,-0.34634927064180376,-0.010105767007917165,0.8036110782064497,-0.22246751338243484,-0.31856258772313595,0.013670304417610168,-0.4772305268794298,-0.10273804664611816,0.08218062035739422,-0.3498361721634865,0.7688172072172165,0.306530430726707,-0.45222723567858336,0.5628940800204874,-0.05218329448252916,0.2931048167869449,-0.322463858127594,0.758731172978878,0.18528957813978195
-0.034693124890327456,0.3851420685648918,-0.27110504508018496,-0.38650393635034563,-0.9876385688781738,-0.3613090544939041,0.2685100566595793,-0.1576017767190933,-0.13710639849305153,-1.0062534004449843,-0.7471092879772187,0.8426300978288055,-0.1724220797419548,0.1732795026153326,0.18499097116291524,-0.07808183431625366,0.919186395406723,0.7015272006392479,-0.5591196581721306,0.5734661772847176,-0.35164427682757377,-0.027398976031690836,-0.5654461417347193,-0.14952070340514184,-0.9055569112300873,-0.6248478755354882,-1.003514403104782,-0.23500864394009113,-0.8716203272342682,-0.6066697150468826,-0.08086826950311661,2.2257421910762787,2.0273707151412963,1.5097899198532105,0.3289242280647159,1.4303796291351318,1.268888494372368,2.0203668415546416,1.5791278958320618,1.1649663731455804,1.4345187157392503,1.1903735924512149,0.22859572023153304,0.2510915299877524,0.3604446858167648,0.4526548653841019,0.6101051269099116,0.536945940554142,0.5346825152635575,0.6253371778875589,0.9125186413526535,0.39892750456929205,0.4320928446948528,-0.20078226290643214,-0.41701311175711453,0.9735231827944517,0.48300710916519163,0.6045497961342334,0.22884436384774745,0.24200747460126876,0.2132566373795271,0.33755228519439695,-0.2205056816339493,-0.34222727417945864,0.4295914493501186,-0.191649954020977,-0.1179381800815463,-0.5665938794612885,0.38155637959425803,-0.45738023817539214,0.5845270082354546,1.2576011806726455,-0.6181487161666155,-0.11597485840320587,-0.8740628592669963,0.08584886193275451,-1.025353677943349,-0.8948497921228409,0.12114622443914413,-0.5018917836248875,-0.6612588163930923,-0.8438724130392075,-0.526033739745617,-0.2935861021280289,-0.28932966887950895,1.1239619821310043,-0.13900007959455252,-0.19784212857484818,-0.6750620469450951,0.9989165313541889,-0.302461738884449,1.3192957194522024,0.8473858192563057,0.5616688154637813,0.31426783725619317,1.3554537892341614,1.5227379024028778,0.8847424864768982,-0.15153928995132446,1.0467621266841889,0.24597317725419998,0.6567820310592651,-0.09190823510289192,0.9225205317139625,0.36300169229507445,-0.5768354961648583,-0.4379583839327097,0.512813213467598,0.5309740448370576,0.2603857211768627,0.1876719616353512,-0.06840685606002808,0.017995160818099976,-0.5469168961048126,0.23759288154542446,-0.4651959627866745,0.2309624742716551,-0.4850080534815788,-0.2777249187231064,0.6293309507891536,0.07812512665987015,-0.24038024181500078,0.3441495789214969,0.8469856083393097,1.1870444640517235,0.6371722936630249,-0.37711868989281355,-0.042926865816116336,-0.40214640498161314,-0.8680792927742005,-0.618149296939373,0.005517258122563362,0.6910223521292209,-0.9938070934265852,-1.35166939496994,0.00976148694753647,-1.0897718846797944,0.2387460894882679,-0.7563727002590894,0.3665693536400795,0.27909109052270653,-0.23593584980117158,-0.30655083395540716,-0.5322667270898819,-0.006032495386898517,-0.061388085782527926,-0.7245840266346931,-0.294003183580935,0.4560482531785965,-0.5131349223665893,-0.9586843222379684,1.0602550074458121,1.6563113510608674,0.8693853929638863,1.5403006583452226,2.124473959207535,1.8981816053390503,1.8579686522483825,1.1808652662672103,0.31459623128175734,0.6452841907739639,-0.44235764811746775,-0.35222927033901213,-0.6267143949866295,-0.8921592354774475,0.05037027895450592,-0.25106651121750473,-0.17752941390499472,0.039056038251146674,-0.06313700508326292,-0.8658263802528381,0.454819418489933,-0.2817314945161343,-0.34326763041317465,0.3488673947751522,0.3129695862531662,-0.4771714423026424,0.14218078181147575,-0.25316670835018157,-0.5407586894929409,-0.5955945670604705,-0.35682096555829046,-0.4176612436771393,-0.3060769585892558,0.18208060339093207,-0.31269225403666495,-0.24351522200740874,-0.09549147188663483,0.25869093984365465,0.9331874489784241,0.1943843886256218,0.781390093266964,0.10278197564184666,-1.0471795454621315,0.03222652263939381,0.2196780651807785,-0.1095401555299759,-0.22003450691699983,-0.17301070969551802,0.03180798552930355,0.8637945711612701,0.09708089493215084,-0.2897233138792217,0.12589187324047088,-0.45695274919271467,-0.6226241434924304,0.10975906178355217,0.6767861932516098,0.255521622300148,0.5104868575930596,-0.9737123571336269,0.13440244793891906,0.8811615779995918,0.25775721333920953,0.3387261591851711,1.0663779497146606,0.3658571861684322,-0.06981236822903156,-0.22929613217711448,0.18156811967492104,0.05883146822452545,-0.2762221425771713,-0.27184352159965786,0.07503107036463916,-1.2224975228309631,-1.0501582860946654,0.3008067235350609,-0.2967555485665798,-0.42422044430859385,-0.5004759907722474,2.0784987386316063,2.060413712263107,2.4137332916259764,1.6873528122901917,0.8374110460281372,1.5636585831642151,2.3031961798667906,1.7349868446588517,1.3019394040107728,1.7180312871932983,1.6574554204940797,1.8290075093507767,1.5790741622447968,1.6483045130968095,0.3939256191253662,1.0853922858834266,0.5632828906178474,0.8070378806442022,0.44541619792580606,1.0262675523757934,1.097348928451538,0.9540348924696446,0.23330264943651854,0.9486547864973545,0.2942682348191738,0.14616558337584137,-0.013944222033023835,-0.23596302941441535,0.08112764917314053,-0.13676779717206955,-0.37767990585416555,-0.3161753907799721,0.32552392184734347,0.0649590589106083,-0.15988471657037734,-0.1589461162686348,0.03439272027462721,-0.08908327650278806,0.15642720460891724,-0.19277830738574267,-0.03431057408452034,-0.01909432504326105,0.9966116666793823,0.6368901655077934,-0.5346939951181412,0.11287767738103867,-0.206168732047081,-0.4735820561647415,0.32304473519325255,-0.29835790395736694,-0.7743231117725372,-0.28643476516008376,-0.332809017598629,-0.6863492846488952,-0.5310560218989849,-0.24519748389720916,-0.055031185410916804,0.011236657807603478,0.23967197053134442,0.6546264469623566,-0.7240628860890865,-0.9648578950786032,1.1422535084187984,0.9641017943620682,1.6216255381703377,1.367831540107727,1.8067163586616517,1.6503162056207656,0.8965893447399139,0.8786791548132896,0.6913720734417439,1.2640479892492293,0.6279333919286728,1.1678536802530288,1.147119041159749,0.399833551235497,1.1366852059960366,1.1656317844986916,0.4014904022216797,-0.5870147526264191,-0.19200814459472895,0.9218947142362595,0.1509352371096611,1.3173627376556396,-0.26521287858486176,0.3735373390838504,1.0070485711097716,-0.6842815063893795,-0.5235978551208973,0.6360426113009453,0.708337314426899,-0.06630917564034462,0.2368838146328926,0.3927087388932705,0.14464445039629936,0.26159738227725027,1.148445737361908,0.4405957445502281,1.017281287908554,0.5043594263494015,0.2330247972160578,-0.1715530961751938,0.5168013215065003,-0.2552381669171154,0.24105892032384874,-0.30179321467876435,-0.7167429247871041,0.18634764105081558,0.3880436569452286,0.07604068517684937,-0.9529447726905346,-0.7807869628071785,-0.04654588066041469,-0.06772386953234673,-0.7626816503703594,0.6972822077572346,0.7980978637933731,0.20292383134365083,-0.17690643891692162,0.574777595885098,-0.7672213453799486,-0.4704242888838053,0.3927254073321819,-0.14620107561349868,-0.45519773848354816,-0.9405634231865406,-0.18145572524517775,-0.3047855064272881,0.2618537828326225,-0.3909785822033882,0.01100531816482544,0.8871755063533783,1.0941069182939827,-0.05835525542497635,0.15463511943817138,-0.5455394566059113,1.0299626752734183,0.40479680001735685,1.3369093872606754,2.041727631539106,0.46665558144450187,1.4541411489248275,0.668452974408865,1.7634050652384758,0.42653177082538607,0.0914798691868782,0.4969540908932686,1.0441842466592788,0.20403085500001908,-0.5255788386799395,0.04943730235099793,-0.06070801764726639,0.16375890159979462,0.8537677728570998,0.13978369683027267,-0.03454448841512203,0.32808461487293245,-0.3790514711290598,0.14577257633209229,0.16528897397220135,0.05479385703802109,0.7996625386178493,0.2626707896590233,-0.5977374911308289,0.6022449865937233,0.022471061162650584,0.2252006119117141,-0.2015857696533203,0.8908986076712608,0.2540754921734333
0.12797068059444427,0.33551719039678574,-0.16224629878997804,-0.4390698239207268,-1.0774176508188247,-0.28996834009885786,0.2793040819466114,0.11996836364269256,-0.14375327602028848,-0.9384091451764107,-0.8115251868963241,0.9571337752044201,-0.11760528236627579,0.42312262319028376,0.30956888683140277,-0.1786282479763031,1.2475938975811005,0.7481663689017296,-0.49868825525045396,0.5197561740875244,-0.36882445588707924,-0.0650569030083716,-0.5122441776096821,-0.025530373305082323,-0.8920629382133484,-0.7068101987242699,-1.0547816812992097,-0.39193301983177664,-0.9095276057720184,-0.5287172079086304,-0.07305524796247483,2.304220187664032,2.1819310784339905,1.4269394338130952,0.39917860757559537,1.3519069872796536,1.4403407871723175,2.0322103798389435,1.5932308316230774,1.2409845069050789,1.4668557405471803,1.2835289776325225,0.326873292028904,0.19051537122577428,0.30876089334487916,0.45808635354042054,0.6639762282371521,0.6091789782047272,0.6853421211242676,0.7847842771559954,0.9830725818872452,0.41882744506001474,0.44571132883429526,-0.12404133044183255,-0.3309956431854516,1.15176903270185,0.529190382361412,0.9062182910740375,0.26828505978919565,0.4310196116566658,0.3121044497936964,0.4274051904678345,-0.06507157385349274,-0.16646097898483275,0.5195907346904278,-0.05980447381734848,0.07851285804063082,-0.4316990773193538,0.5577880440134322,-0.22410711348056794,0.7882827267050743,1.4898397386074067,-0.6282236162573099,0.16756334006786347,-0.7670393248088658,0.2660625219345093,-0.6743244964629411,-0.8197213336825371,0.3049685224890709,-0.1854742683470249,-0.5677416127640754,-0.707676388323307,-0.4000228941440582,-0.18695173561573028,-0.17811959683895112,1.3457222551107406,-0.0725146433338523,-0.1100900039076805,-0.5880930468440055,1.1380631156265735,-0.1821454256772995,1.471904842555523,1.1649968817830085,0.8004822216928005,0.6599605910480022,1.522947683930397,1.5235552847385407,0.9654723614454269,-0.04053879901766777,1.068420934677124,0.32375768274068834,0.8265429317951203,0.17708479687571527,1.029752430319786,0.6601904988288879,-0.2714613923802972,-0.2834726918488741,0.5484083533287049,0.6475260699167847,0.3920160137116909,0.267124854773283,0.04742318391799927,0.27046151757240294,-0.4451164460275322,0.35843450091779233,-0.3111862152814865,0.30797480829060075,-0.5391470432281494,-0.2624442294239998,0.5986100358888506,0.09263615757226944,-0.14024253422394395,0.4737052423879504,1.1028882145881653,1.2629959926009178,0.6492652773857117,-0.4416585813742131,0.2990867555141449,-0.14745189547538756,-0.8294953525066375,-0.39972579628229143,0.2992535371333361,0.7303409457206727,-0.8442199241369963,-1.0869333833456039,0.1666758343577385,-0.9008321762084961,0.2703283913433552,-0.5002690892666578,0.46013740450143814,0.2630660181865096,-0.06494072760688141,-0.1277606014162302,-0.42350912690162656,0.05300219301134348,-0.045298201590776445,-0.6580979272723197,-0.13179227355867623,0.7154764920473099,-0.3757685902528465,-0.7669039517641068,1.188157856464386,1.8243922173976899,1.115793837606907,1.8633969873189926,2.2736846208572388,2.0884160697460175,2.0486567586660387,1.4500925921835006,0.5484360173344612,0.4427528291940689,-0.36762100527994335,-0.011125859618186951,-0.6681636676192284,-0.7989105641841888,0.30119098722934723,-0.15722478562965989,-0.18470817347988486,0.12981497584842144,0.2621933715417981,-0.882006025314331,0.7572980180382729,-0.1546745516359806,-0.18169895596802235,0.6388692997395993,0.24181314408779145,-0.3313298929657321,0.43221636340022085,0.023194125294685362,-0.3807954154908657,-0.6009918987751007,-0.2025845728814602,-0.1568985641002655,-0.3009820131585002,0.34170357063412665,-0.2934835486114025,-0.1894181238953024,0.1686620980501175,0.6002471432089805,0.7920092731714249,-0.041149158775806424,0.683006651699543,0.12029729783535004,-1.0404481664299965,0.01477886326611042,0.22316133677959443,-0.09624265730381013,-0.032556363940238954,-0.0833882538601756,0.11391583941876889,1.0266642808914184,0.022000559046864508,-0.24577607018873096,0.32304598987102506,-0.5376329302787781,-0.73867247402668,0.04769200906157493,0.7515938639640808,0.628570345044136,0.6954388424754143,-1.0515847653150558,0.18251067250967026,1.0039494529366493,0.29995212219655515,0.41979876160621643,1.3181967973709106,0.34434863924980164,0.08893846385180951,-0.24481817409396173,0.06376528516411781,0.10040341913700104,-0.19813679829239844,-0.2933764967368916,-0.10031138812191784,-1.2481521368026733,-1.0335881471633912,0.2920185625553131,-0.28399489149451257,-0.3065657049883157,-0.45578356152400373,2.3073385834693907,2.241329920291901,2.530828666687012,1.8080093622207642,0.804190243780613,1.4876009047031402,2.4109626054763793,1.9471675336360932,1.298726338148117,1.6704151570796966,1.6184750556945802,1.9482439279556274,1.5332629919052123,1.7967079401016235,0.7200336813926697,1.215707252919674,0.6968544736504555,0.9893466677516699,0.5660758920013904,1.1497898727655411,1.159442812204361,1.144311185926199,0.21417476567439736,1.0380403995513916,0.35870046988129617,0.22563817584887147,0.09428204149007798,0.001276593655347824,0.11648193262517452,-0.029543467238545416,-0.14788461681455373,-0.1889745384454727,0.36704443842172624,0.1513410322368145,-0.06920807808637619,0.04097494930028915,0.1626653729006648,0.20808435846120119,0.3955852210521698,-0.058198231644928454,0.31317215487360955,0.08579466249793768,1.1963035702705382,0.5070189788937569,-0.5544173151254654,0.30156667679548266,-0.09762345254421234,-0.21714503467082977,0.5012266039848328,-0.20200393795967103,-0.5197080492973327,-0.14849401861429215,-0.16685061752796174,-0.34403214454650877,-0.4452481307089329,0.030399885773658753,0.11046329233795404,0.15078104943968357,0.48761676661670206,0.8072416424751282,-0.5948008678853511,-0.7870250323438086,1.4372876189649104,1.1642561227083206,1.7557631075382232,1.5572136372327805,2.0011148512363435,1.8651143610477448,1.1932850122451781,1.136433480679989,0.9030161686241627,1.394994068145752,0.8329499781131744,1.3531520068645477,1.2136420089751483,0.5427108438685536,1.235384066402912,1.4037621751427651,0.7149009227752685,-0.2736805498600006,-0.09552254769951105,1.0630813032388686,0.1396760806441307,1.6219516813755035,-0.24463286399841308,0.3216515775769949,1.3153862476348877,-0.5973105695098638,-0.43569630160927775,0.8017762348055839,0.8413549333810806,0.053578116744756696,0.3187246695160866,0.4230377621948719,0.3108974538743496,0.4936014823615551,1.4397117972373963,0.5751322194933891,1.2533087074756621,0.6350848965346814,0.08800111599266529,0.028138384222984314,0.7681125164031982,-0.36761259781196715,0.502891580760479,-0.17838487923145294,-0.6338527658954263,0.1145579144358635,0.4767076998949051,0.3829636573791504,-0.8905007354915142,-0.6174226805567742,-0.09879906736314296,0.05335951671004295,-0.6138821065425872,0.8282370276749134,0.9318370908498764,0.4120804339647293,-0.11634263917803764,0.667135046608746,-0.6542302515357733,-0.2180922333151102,0.525549715012312,-0.028882125020027162,-0.4987322974950075,-0.8320962972939014,-0.11892649810761213,-0.38888231813907626,0.2481800988316536,-0.2598492711782455,0.16478208601474761,0.9618132948875427,1.119530865550041,0.19003367871046067,0.422318434715271,-0.5924474895000458,1.39629475325346,0.6644670337438583,1.6021742798388003,2.3003467321395874,0.6659204117953778,1.5215361416339874,0.9401343666017056,2.0728724360466004,0.6696445494890213,0.3560209944844246,0.818634732067585,1.3967293173074722,0.41827157884836197,-0.42450474509969355,0.2649952948093414,0.16241017431020738,0.31897464776411655,0.8613239116966724,0.49169848412275313,0.2147144589573145,0.6100379973649979,-0.290909318998456,0.387685751914978,0.19499538280069828,0.38588024228811263,0.6961463026702404,0.0648579403758049,-0.7237740114331246,0.5724952105432749,0.05376232843846083,0.09140935298055411,-0.06691619157791137,0.7849192544817924,0.2093763031065464
0.28809750974178316,0.2817240640521049,0.05210567712783813,-0.36586274653673173,-1.046045283973217,-0.12280664891004563,0.3355353184044361,0.40302418172359467,-0.13543056473135948,-0.8368840992450715,-0.7380220949649811,1.0637449324131012,-0.01522108055651188,0.6254018392413855,0.46418434865772723,-0.24756073355674743,1.5382450103759766,0.7867820665240288,-0.3768181696534157,0.5168547004461288,-0.3582314610481262,-0.1347253782209009,-0.42336405590176585,0.06253407672047614,-0.8372338205575943,-0.7334725961089135,-1.0486779987812043,-0.5031671823933721,-0.9608983993530273,-0.4857421875,-0.12489589229226113,2.359062933921814,2.2453505754470826,1.4499566376209259,0.5926411649212241,1.2508910022675992,1.583120435476303,2.0232516705989836,1.624626100063324,1.3184063225984572,1.5043834447860718,1.3787567377090455,0.42563167214393616,0.12759020905941726,0.28472918421030047,0.44276845157146455,0.6885786473751068,0.6179639667272567,0.618062961101532,0.9777422029525041,1.0311822921037674,0.44212038069963455,0.4422949254512787,-0.09712804816663265,-0.34394004647620025,1.2477274715900422,0.5598313778638839,1.1538751132786274,0.32446424537338314,0.5816054567694664,0.36905396543443203,0.4440095752477646,0.0598617285490036,0.013541936874389648,0.5589314632117748,0.06626434475183487,0.23270165789872407,-0.3383743683807552,0.7776400713104522,-0.018174770474433898,0.8840963676571846,1.7180596053600312,-0.5939328376203775,0.3888177007436752,-0.6648330458439886,0.4026100218296051,-0.379537345841527,-0.6999302804470062,0.5258124336600304,0.1046683631837368,-0.489914980577305,-0.5571910455822945,-0.27679628431797026,-0.04556370973587036,-0.07264647781848907,1.5308443546295165,-0.010192768834531307,-0.04156094752252102,-0.5051676139235497,1.2979028638452292,-0.04798377752304077,1.6154481887817382,1.4301154091954231,1.0011877678334713,0.9770532242953778,1.6252811193466186,1.39012980312109,0.9711348488926888,0.08247321471571922,1.0869242191314696,0.4687412217259407,0.9722713500261306,0.4890235237777233,1.1856066435575485,1.015466034412384,-0.004079909063875675,-0.21416504569351674,0.5255478695034981,0.6659749634563923,0.5406864039599896,0.16716783866286278,0.0826782912015915,0.5122520148754119,-0.327895367750898,0.4805717524141073,-0.15358370393514634,0.3735168281942606,-0.567263925075531,-0.29677813202142717,0.5816559312865138,0.07437629997730255,-0.07844260865822435,0.6781051440164447,1.2850388884544373,1.3664079532027245,0.5173615545034409,-0.4762511174660176,0.5815434873104095,0.07193776965141296,-0.7515120208263397,-0.18814668208360671,0.5569335598498583,0.726669691875577,-0.7007006745785475,-0.7871256828308105,0.3728120967745781,-0.6628799237310886,0.29194866232573985,-0.19223652295768262,0.5420078858733177,0.22608499825000763,0.056611402973067014,0.08334905467927456,-0.3759199857711792,0.09523023227229714,-0.06323939040303231,-0.41912698894739153,0.08728150483220816,0.9809870630502701,-0.24157276628538965,-0.6054971732199192,1.2356160938739777,1.9491636872291564,1.336543156206608,2.1210779309272767,2.353783655166626,2.232446253299713,2.196657192707062,1.6669848918914796,0.7497420623898506,0.216719588637352,-0.31224582861177624,0.2622287541627884,-0.6994753941893578,-0.7177711427211761,0.5437075942754745,-0.15907933050766587,-0.144493646081537,0.25616542040370405,0.509149874933064,-0.8205768376588821,0.9986526027321816,0.041333767026662825,-0.02474893964827061,0.9145653508603573,0.2448005646467209,-0.16880047136801296,0.702155452221632,0.3165517359972,-0.24814805425703526,-0.528472638130188,-0.051258759945631026,0.11813240647315978,-0.2781362412497401,0.491825021058321,-0.2668731890618801,-0.13927819007076322,0.46411257088184354,0.9610845312476158,0.6615199893712997,-0.16882458478212356,0.5844316050410271,0.17811997830867768,-0.989177192747593,-0.007526011392474175,0.1652595430612564,-0.1224449872970581,0.21365380585193633,-0.04259380679577589,0.08552242182195187,1.223426139354706,0.019915997609496118,-0.11307042045518756,0.5962837666273118,-0.5807076126337052,-0.7805796474218368,0.019023235142230987,0.8686449527740479,1.0286384850740433,0.8903349503874779,-1.077451866865158,0.2196090564131737,1.1404009699821471,0.3418299462646246,0.5023686602711678,1.5042269602417946,0.40623100399971007,0.26560340635478497,-0.28113024309277534,-0.08856839761137962,0.1664730042219162,-0.09820054098963737,-0.3010476324008778,-0.2186007604468614,-1.23619304895401,-1.0097544133663177,0.20135555863380433,-0.2871210716664791,-0.24378705848939716,-0.4084118939004838,2.4668784976005553,2.396756958961487,2.587640070915222,1.855151253938675,0.7570387169718742,1.404350033402443,2.4674269914627076,2.138049900531769,1.200769728422165,1.540336373448372,1.5416489899158479,2.0104063749313354,1.4811571955680847,1.8847118973731996,1.0094146311283112,1.311398309469223,0.8173898741602897,1.0840794291347264,0.6300478637218475,0.9453747242689132,1.2182544648647309,1.30081625059247,0.18896301942877472,1.0373475551605225,0.3549161419272423,0.28131103785708544,0.1672159895300865,0.20654734894633292,0.09694234989583492,0.008885767590254546,0.04965399149805307,-0.1681663990020752,0.3589214399456978,0.2544832997024059,0.08403211385011673,0.17062260955572128,0.24600403886288405,0.43569157291203736,0.5307776898145675,0.05503712575882673,0.6519430927932263,0.1675156367942691,1.286308878660202,0.3615238979458809,-0.546661302447319,0.4549402341246605,-0.03537580370903015,0.036811533570289615,0.6001046687364578,-0.04857218861579895,-0.22669860124588012,-0.0002713993191719055,-0.03699539080262184,-0.02157754898071289,-0.38241109922528266,0.2526836544275284,0.20492668244987727,0.2429969659540802,0.7208993922919035,0.9652362763881683,-0.3458347409963608,-0.6001258367323317,1.6320661723613739,1.2698044896125793,1.848425531387329,1.7325424671173095,2.1693121612071993,2.0343678832054137,1.432637795805931,1.3739705845713615,1.0948458217084407,1.4769321471452712,1.0437186300754546,1.46457496881485,1.4041174072772264,0.7290866585448385,1.288033139705658,1.6031238988041878,0.9564275145530701,0.03874457478523254,0.008064584992825984,1.0957179546356202,0.04988921582698822,1.7835850477218629,-0.18532815128564833,0.2634868390858173,1.5559709131717683,-0.5508738245815039,-0.3613633759319782,1.0078035220503807,0.9539184510707855,0.20450999960303307,0.29488415569067,0.4454569824039936,0.3308207063935697,0.7234501533210278,1.732132649421692,0.7827987477183342,1.4846144616603851,0.7707383543252945,0.04599377699196339,0.2473246783018112,0.9987139105796814,-0.4193031151778996,0.7599772199988365,-0.021433523297309874,-0.5044875321909785,0.1060439869761467,0.6519065529108048,0.7892265439033508,-0.7207344882190228,-0.40903067737817767,-0.09142816178500653,0.21192460283637046,-0.40176025629043577,0.9235979840159416,1.03775292634964,0.5850577682256699,-0.08886268921196461,0.7386362761259079,-0.5559186454862356,0.038796746358275416,0.6703528396785259,0.05666724145412445,-0.47495764382183553,-0.7090243361890316,-0.08019808884710074,-0.4160103231668472,0.29352267533540727,-0.09676781296730042,0.3399996250867844,1.0107395142316817,1.0974820658564568,0.41288452595472336,0.6659461736679078,-0.6263514995574951,1.6839303433895112,0.9069547027349472,1.7823146164417267,2.4122855424880982,0.8532753102481365,1.5554260671138764,1.2083134673535825,2.3081642270088194,0.9366569548845292,0.6071270778775215,1.1136622980237008,1.7189457029104234,0.632375867664814,-0.303245756495744,0.48251665830612184,0.39733881801366805,0.43240802073851226,0.9848443634808064,0.8057433411478996,0.44248061515390874,0.8768176287412643,-0.1853773582726717,0.6084688186645508,0.2419890571385622,0.6829622969031334,0.6145483806729317,0.06574726551771164,-0.7405468538403511,0.6217860322445631,0.108689477853477,0.017571507953107357,0.06524768769741059,0.8013172298669815,0.15633329525589942
0.46446741819381715,0.30950417965650556,0.2315682053565979,-0.2230118468403816,-0.9311391234397888,0.03657686859369278,0.4378100521862507,0.6463539212942123,-0.038920996338129045,-0.7319538935087622,-0.630025164783001,1.1496284544467925,-0.09350087828934192,0.8722543802112341,0.6094720337539912,-0.27084344029426577,1.7170823991298676,0.8829746007919311,-0.23131605982780457,0.5034999892115593,-0.2787799796788022,-0.0806100060697645,-0.2924011655151844,0.17239635363221167,-0.7263913303613663,-0.7866472914814949,-1.031379795074463,-0.6359306739643216,-0.9418521225452423,-0.4588126167654991,-0.15801523607224227,2.331170916557312,2.295854091644287,1.4272996842861176,0.6047572275623679,1.0566228695213795,1.6819207549095154,2.005585676431656,1.6158113121986388,1.4029891312122345,1.505614709854126,1.4743071615695953,0.5030612498521805,0.13319540359079837,0.2918022394180298,0.485799503326416,0.7171386882662774,0.6462593823671341,0.6876614511013031,1.06260822750628,1.0430854469537736,0.4257360938936472,0.4181592591106892,-0.04190840274095535,-0.25220026837778275,1.2644598484039307,0.6091969639062882,1.3504851438105105,0.35327957742847504,0.7412575855851173,0.410188353061676,0.4414237916469574,0.1409977287054062,0.1847836971282959,0.5279234997928143,0.18814656287431716,0.38919605780392885,-0.22831330401822925,0.9834844557422912,0.2253185838460922,0.9801588222384453,1.8155380964279175,-0.5031553629785777,0.6247402995824813,-0.487539888266474,0.5321505486965179,-0.058362527564167974,-0.5100736498832703,0.6817603096365928,0.3505410872399807,-0.37753615085966885,-0.35893641263246534,-0.1494349330663681,0.10387712717056274,0.06953612864017486,1.678131455183029,0.05264137089252472,0.11833058036863804,-0.4052560253068805,1.4527765538543462,0.188860422372818,1.6782739520072938,1.63743002563715,1.1988553516566753,1.2111173324286937,1.656929624080658,1.320165853202343,0.8686957150697708,0.16316586509346961,0.9767544355243445,0.5842927560210228,0.962859733402729,0.6924193255603314,1.2924387075006962,1.2426072359085083,0.24755025412887335,-0.1257114727050066,0.5137682557106018,0.6308206304907799,0.5875814169645309,0.11043153963983059,0.12820882946252823,0.6922508358955384,-0.258956233272329,0.5530710183084011,-0.033744882047176364,0.46979454830288886,-0.5201173245906829,-0.27504744865000247,0.4609650192782283,0.0492324098944664,0.021885719057172535,0.8037180749699473,1.4031051814556121,1.337340997159481,0.7034039974212647,-0.44584753694944085,0.8699930727481842,0.3019342184066772,-0.6101644236594439,0.08739465922117233,0.8734076041728258,0.7547781396657228,-0.5605248678475618,-0.45403270721435546,0.604691706597805,-0.41892183050513265,0.31875028647482395,0.11936893053352833,0.6856799438595772,0.30227500200271606,0.20105636630905793,0.2541742857545614,-0.2977902913466096,0.15113242352381348,-0.00810718759894371,-0.28724011331796645,0.3297584688290954,1.1181892991065978,-0.03072791574522853,-0.39706194922328,1.283639520406723,2.0495176911354065,1.5259602040052413,2.30408456325531,2.403644633293152,2.317043137550354,2.275554096698761,1.8016297101974488,0.875437393784523,0.035275569558143614,-0.2325953848194331,0.4532671242952347,-0.6813531801104545,-0.5616196297109127,0.7879259914159775,-0.052976728323847054,-0.13431737190112472,0.22849428206682204,0.7781901614740491,-0.6936578210443258,1.222056509554386,0.15813047364354132,0.09859897457063198,1.1302734695374965,0.25654038041830063,-0.03238502295571379,0.945689319819212,0.5467639237642288,-0.11499506868422031,-0.4570667900145054,0.07756367698311806,0.3935284554958344,-0.24346655812114476,0.6184992901980877,-0.24573959931731224,-0.17558776014484465,0.6864504903554917,1.2077317103743552,0.5784742716699839,-0.297955222427845,0.4508942045271397,0.019914332032203674,-0.937176002562046,-0.07377599440515041,0.10465986579656601,-0.12569935917854308,0.43903293311595915,0.039603706635534766,0.05315484963357449,1.2915111124515533,-0.06335559748113155,-0.04989396259188652,0.7788668960332871,-0.6381852596998214,-0.7025870680809021,-0.06220607906579971,0.9719680458307266,1.353627398610115,1.0386350437998773,-0.9819416493177414,0.15729427635669707,1.2659528076648712,0.2685344014316797,0.6334501072764397,1.6725887715816499,0.2952045999467373,0.43343544416129587,-0.23268680050969123,-0.14483551271259784,0.22177585661411287,-0.01894966885447502,-0.23987446699757128,-0.3714891821611673,-1.1340851664543152,-0.9278257846832275,0.09057538509368897,-0.26545765027403834,-0.151348962681368,-0.33083305722102524,2.586631941795349,2.5092122912406922,2.640909194946289,1.8286336839199067,0.6749376371502877,1.3729539901018142,2.4809406042099,2.2382842302322388,1.108042061328888,1.4330418080091476,1.4182701319456101,2.1124224424362184,1.4087049305438994,1.9670018672943115,1.2692682206630708,1.3705406874418258,0.8613040700554848,1.1308992251753807,0.6508941814303398,0.8332797899842262,1.2796123683452607,1.488923978805542,0.06943829911760986,0.9538786932826042,0.36363120675086974,0.34528452400118115,0.22227905541658402,0.4147775523364544,0.06304313503205776,0.09181251553818584,0.2066614056006074,-0.09765104949474335,0.33222631067037584,0.28798937499523164,0.23304881006479264,0.1982911169528961,0.3427728874608874,0.6088762151077389,0.6142139136791229,0.10626293867826461,0.984462933987379,0.262973122112453,1.2667085438966752,0.20389785319566728,-0.4743011683225632,0.5541679814457894,0.06250499188899994,0.24772706925868987,0.6993276804685593,0.1447243869304657,0.07495761513710023,0.16207219809293746,0.08589378967881203,0.283624541759491,-0.3099358603358269,0.4402904540300369,0.24980767909437418,0.3026092127431184,0.9417852681130171,1.0914217561483384,-0.259094712138176,-0.5026632273220457,1.8056918382644653,1.3004539549350738,1.8704216718673705,1.8343215942382813,2.226763892173767,2.115759813785553,1.620708917081356,1.5709076598286629,1.3327300898730754,1.5560883671045302,1.1284456342458724,1.3821226567029954,1.4012314334511757,0.8741579445078969,1.2536448035389185,1.698837910592556,1.1457390904426574,0.3318610727787018,0.1007043344900012,0.9939550042152405,-0.030935540795326233,1.8973988533020019,-0.1388439642265439,0.16545195505023003,1.673604017496109,-0.5522381510585547,-0.2935123838484287,1.0993533372879027,1.043004083633423,0.36511070355772973,0.24004994481801986,0.4858555253595114,0.4184473014436662,0.8782089702785015,1.9424707055091859,0.9044534400105476,1.5142103374004363,0.9532650083303451,0.1354898639023304,0.42576664984226226,1.2494575262069703,-0.41805088417604563,0.8720017120242118,0.21368198990821838,-0.3131960151717067,0.12959123998880387,0.8086741775274277,1.0512117505073548,-0.5472509272396564,-0.2236633375287056,-0.06470422707498073,0.3865843378007412,-0.17333731949329376,1.0432279884815217,1.1780321538448333,0.7612108290195465,0.04940045289695263,0.8553266257047654,-0.41070444546639917,0.2439233299344778,0.8274536170065403,0.10131720155477524,-0.43591441996395586,-0.5886066198348999,-0.0348841205239296,-0.24131613969802856,0.19390721768140792,0.035415788739919664,0.544293811917305,1.0076754957437515,0.9940284058451653,0.5335121139883995,0.8466162025928498,-0.6308802247047425,1.8865989863872528,1.0304225891828538,1.96432363986969,2.467289996147156,1.0606746189296246,1.6005191385746003,1.4336625069379807,2.467178225517273,1.1369917184114455,0.8524674788117409,1.3518070355057716,1.9295800775289536,0.6649678498506546,-0.21767813535407185,0.6159220159053802,0.5815081104636193,0.5473610739223659,0.9628979898989201,1.1180956467986107,0.6119255039840936,1.1410279065370559,-0.13369444496929644,0.7920276999473572,0.24868577755987645,0.8923028990626335,0.4068628802895546,0.0033063098788261415,-0.7375459387898445,0.5308477114886045,0.11496812384575605,-0.09244733173400163,0.3263359159231186,0.6749524265527725,0.09528406038880348
0.645968109369278,0.35149186104536057,0.4766355335712433,-0.06046576052904129,-0.6349661827087403,0.2985060825943947,0.47685447335243225,0.881381019949913,0.057554774731397626,-0.481878028716892,-0.3989510402083397,1.2338633239269257,0.038635341450572014,1.0416975554078818,0.7834683004766703,-0.12191504538059235,1.875280898809433,0.9907874345779419,-0.0826909899711609,0.5696368500590324,-0.11566175434272737,-0.03587674810551107,-0.09019405916333198,0.35544913783669474,-0.5366091102361679,-0.6957133382558822,-0.878727400302887,-0.6557051168754697,-0.8191823564469815,-0.320776192843914,-0.1312968185171485,2.241800916194916,2.3080909490585326,1.2829283475875854,0.5079151106998324,0.950723809748888,1.7766905188560487,2.0576024472713472,1.5181165158748626,1.4246880054473876,1.5081916809082032,1.5087490141391755,0.6299652397632599,0.16125390417873858,0.37288007140159607,0.5243179023265838,0.7533603578805923,0.6868363529443741,0.7540218636393548,1.0887979865074158,1.055261668562889,0.4065517637878656,0.3902863457798958,0.07336167544126511,-0.08633400069666095,1.2765279948711394,0.6357707291841507,1.5409422144293785,0.3584655221551657,0.9003610953688621,0.5154102951288223,0.5366102546453476,0.2883503884077072,0.37919321060180666,0.5622135091573,0.41393288522958754,0.5773414688184857,-0.055498606991022825,1.0996574742574012,0.47683418691158297,1.0138748034834861,1.9310099959373475,-0.22713431157171726,0.8549591153860092,-0.2758654006756842,0.6131897822022438,0.22790556363761424,-0.17357728481292725,0.8128787443041802,0.6199765764176846,-0.23545279805548489,-0.09119999557733535,0.008046683669090272,0.25231117010116577,0.19130524694919587,1.816535198688507,0.20242860019207,0.22472842074930668,-0.25931268762797116,1.6212128698825836,0.4269076883792877,1.729763102531433,1.760105562210083,1.3737151466310025,1.4300695650279522,1.6925808429718017,1.284792034327984,0.78303082883358,0.300303865224123,0.8073395695537329,0.5702260985970498,0.8056515827775002,0.7939589701592922,1.374380201101303,1.4299845218658447,0.3734830876812339,-0.12753468342125415,0.46726140975952146,0.5539439588785171,0.6998282849788666,0.1290017243474722,0.2538712933659554,0.8521984726190567,-0.2431792861316353,0.5728594303131104,0.019992586225271225,0.5226174242794513,-0.5171010971069336,-0.3014715287834406,0.41961671095341446,0.026466728746891023,0.2135842523537576,0.9408546863123775,1.381826464831829,1.3541383743286133,0.7285445749759674,-0.3438508767168969,1.091638559103012,0.5369271159172058,-0.42133046574890615,0.36655234545469284,1.1671928185969591,0.7660760927945376,-0.46587292440235617,-0.18593431115150452,0.8253497764468193,-0.1820608399808407,0.4385798696428537,0.38661650009453297,0.8484291732311249,0.4150160551071167,0.28227001045597716,0.3046293254941702,-0.1958392107859254,0.21520296214148402,-0.0697931818664074,-0.13603992611169816,0.5154348647221922,1.2622034192085265,0.04391951682046056,-0.2837058983743191,1.2923254668712616,2.0662747621536255,1.6623405754566192,2.4103361129760743,2.428657293319702,2.3409222602844237,2.284503185749054,1.8712422132492066,0.9458632886409759,-0.05172175467014313,-0.14709894279949368,0.612714347243309,-0.592331251502037,-0.3552493669092655,0.8467227354645729,0.04430280392989516,-0.10626653200015426,0.28883246928453443,0.9236224012449383,-0.5535721745342016,1.3270471334457397,0.23902189806103707,0.1386460777372122,1.2528242498636246,0.3222674816846848,0.05432705132407136,1.0978983454406261,0.731667646765709,0.000386279821395874,-0.35465043522417544,0.20854709222912787,0.6253770589828491,-0.14143034871667623,0.799086221307516,-0.21383944079279898,-0.16379801207222044,0.8513021796941758,1.4042086213827134,0.5270075146108866,-0.35696266293525697,0.3703051544725895,0.008332055807113648,-0.8479231640696525,-0.12022502087056637,0.07635419070720673,-0.11202604994177819,0.5183598067611456,0.11247237715870143,0.06628397032618523,1.458712676167488,-0.0033587004989385607,0.19003593400120736,1.0560144573450088,-0.40504359900951387,-0.4893677830696106,0.02636595070362091,1.1069507718086242,1.6489230334758758,1.1678723037242889,-0.6632378548383713,0.37880574315786364,1.3499941110610962,0.2502399180084467,0.7377202272415161,1.8163401007652282,0.3417222581803799,0.6200023125857115,-0.08518147841095924,-0.12553677447140216,0.3290805518627167,0.1840113289654255,-0.08973099861759692,-0.47988444273360076,-0.9952196978032589,-0.6972667038440704,0.09357584416866302,-0.13307614549994468,0.023816189868375658,-0.16440400248393416,2.586920917034149,2.553207039833069,2.6429858922958376,1.7363756358623506,0.6499325796961785,1.3157786101102829,2.479638123512268,2.328584039211273,1.06331068277359,1.3854270666837691,1.3210439652204513,2.1485342264175413,1.32789204120636,2.0411433458328245,1.4333361029624938,1.4165319323539733,0.8998796820640564,1.1386258706450463,0.6881172247231007,0.7814972713589668,1.3371566951274871,1.6156574308872222,0.016729709086939694,0.9937688335776329,0.33550642132759095,0.43464843574911355,0.27944960445165634,0.614999108761549,0.08855824433267116,0.252477431576699,0.40781867746263745,0.09776224195957184,0.5322986349463463,0.5240082234144211,0.5745277777314186,0.3100290417671204,0.4919549209997058,0.8516974793747067,0.7779994606971741,0.3019493445754051,1.2811995260417461,0.3682301064953208,1.237074801325798,0.11015666574239731,-0.2912557810544968,0.6301561946049332,0.17133331000804902,0.4522317677736282,0.6898958861827851,0.4051636040210724,0.3551675260066986,0.32091853469610215,0.20401738062500954,0.5718647480010987,-0.1905438259243965,0.6385660141706466,0.35549620632082224,0.3689297810662538,1.1496494453400374,1.2324931979179383,-0.16191745698451995,-0.3299643920385279,1.9663009643554688,1.3763801515102387,1.859161651134491,1.9092556834220886,2.2502846717834473,2.2251521706581117,1.7646431565284728,1.7290651679039002,1.528558611869812,1.4389493227005006,1.0226346373558044,1.2126048117876054,1.2785841807723046,0.9066801339387893,1.057198390737176,1.7805026769638062,1.3177270948886872,0.5421020984649658,0.17555763628333806,0.9707425713539124,-0.041332609951496124,1.9954983472824097,0.034468562714755534,0.1852520577609539,1.7808033585548402,-0.5025846507400274,-0.3097096987068653,1.1421905875205993,0.96963030109182,0.40048755779862405,0.16686169803142548,0.4473674323409796,0.47680284148082136,0.9587627232074738,2.0952911138534547,0.9366112157702446,1.376546524465084,0.877484741806984,0.13993451073765756,0.6018335670232773,1.4282451689243316,-0.34083917336538433,0.9024567469954491,0.44514054656028745,-0.11897322814911604,0.04362039864063263,0.8420386403799057,1.2854397773742676,-0.44413536563515665,-0.11089767664670944,-0.0275977935642004,0.5260239891707897,0.014688296616077423,1.1929093062877656,1.2751112103462219,0.8814570605754852,0.22496002726256847,0.9807997047901154,-0.284796954318881,0.420829963311553,0.9695926785469056,0.11927020996809005,-0.38839620538055897,-0.41532233357429504,0.011259478330612183,-0.29162673354148866,0.19379602521657943,0.05094489678740501,0.7171061366796494,1.0918508738279342,0.9094683095812798,0.6375101149082184,1.0239117830991744,-0.6387480854988098,2.0287161469459534,1.0922646194696426,2.07683846950531,2.4439493298530577,1.1728728353977202,1.522539609670639,1.613432514667511,2.57296199798584,1.2231431573629379,0.9647072181105614,1.4811866283416748,2.0722568154335024,0.6377569317817688,-0.18210566313937307,0.5912934869527817,0.6714640729129314,0.6217988948337734,0.755116219073534,1.317384783923626,0.681587852165103,1.3106697916984558,-0.031242646649479865,0.9302327871322632,0.2956066326238215,1.0870084270834923,0.2857174716889858,0.05257060825824737,-0.7689361706376076,0.4913409572094679,0.14396141991019248,-0.11608110535889864,0.39036139026284217,0.5894230335950852,0.13954587355256082
0.8655839323997497,0.4998624712228775,0.6819572627544404,0.10440205186605453,-0.4597042679786682,0.5480988994240761,0.5632458686828613,1.1060171633958817,0.2680398397147655,-0.26966622909530996,-0.22158059924840928,1.271786642074585,0.15930613912642003,1.1797627657651901,0.9540958777070045,0.0062935471534729,1.9829661846160889,1.0792203783988952,0.11889194846153259,0.5749567881226539,0.00041956689674407246,0.14000387177802623,0.15078129693865777,0.48438494354486467,-0.4184473857283592,-0.6737580329179764,-0.7421959683299064,-0.6597755439579487,-0.6902482800185681,-0.22735159397125243,-0.08262349423021079,2.155731570720673,2.3123533010482786,1.0878799915313722,0.39338957741856573,0.8116899661719799,1.7541560053825378,1.9728730499744416,1.4161901950836182,1.3718752026557923,1.47722886800766,1.4840729057788848,0.6182970121502877,0.14968527890741826,0.38147620679810645,0.5525099843740463,0.705935511784628,0.632059445977211,0.7926326483488083,0.9669502824544907,0.9490822583436966,0.34273484386503694,0.25829116255044937,0.11426659226417542,-0.051245115866186096,1.1891584418714047,0.6198425996350124,1.6405840575695039,0.2960015725344419,1.0436574205756188,0.5725810617208481,0.5822635188698768,0.40937362015247347,0.4694775819778442,0.5653820384293795,0.5744660869240761,0.7128181653097272,0.13544984655454756,1.2604500353336334,0.7563064903020859,1.134172260761261,1.9358080625534058,-0.10841230191290378,1.0112713664770125,-0.08556946003809571,0.6575614660978317,0.5564404051750899,0.08126749396324158,0.9126940771937371,0.8252653978765011,-0.09908534293062984,0.1488789364695549,0.15428645312786102,0.3638900190591812,0.3374100595712662,1.9479830265045166,0.36142469197511673,0.42344201542437077,-0.11607107948511838,1.7477114796638489,0.6637392222881318,1.64068683385849,1.7064790338277818,1.474870926141739,1.4900377899408341,1.6811157822608949,1.342195962369442,0.6911178916692734,0.34732170030474663,0.7576573129743338,0.5042699404060841,0.6337420716881752,0.8020292714238166,1.3133213579654694,1.4125364065170287,0.47056162264198065,-0.2568202670663595,0.39079444408416747,0.5245131194591522,0.6933991551399231,0.17138811498880385,0.3051339328289032,0.9498846046626568,-0.2624363160226494,0.6831879645586014,0.14366581067442893,0.509597659856081,-0.46308338046073916,-0.29548931755125524,0.3310799106955528,0.03605540692806244,0.23551062559708952,1.101528027653694,1.3657830521464347,1.241765271872282,0.8701197862625122,-0.2297134834807366,1.2175027042627335,0.7209677457809448,-0.20516601987183095,0.5965732261538506,1.3566701490432025,0.854933375492692,-0.38579221852123735,-0.034615346044301984,0.9598687261343002,-0.07650272324681281,0.47259765602648257,0.5635567624121904,0.9826559007167817,0.5257742285728455,0.340985803201329,0.2696763839572668,-0.12998734954744579,0.27619879944249986,-0.08037429973483086,-0.16553560197353362,0.6515375887975097,1.2576681673526764,0.13859876813367009,-0.1936609297990799,1.3100124776363373,2.0627161026000977,1.731506109237671,2.373002302646637,2.4070266008377077,2.3468267202377318,2.2623229146003725,1.8399742245674133,0.9120814651250839,-0.09067245423793793,-0.17814815561287106,0.624371431209147,-0.48048630356788635,-0.170644161850214,0.8303876332938671,0.17268574303016065,-0.09958293503150344,0.19497011750936508,1.0499990999698638,-0.4867259841412306,1.4196435391902924,0.187077284604311,0.07059909366071224,1.3150534212589264,0.32430030703544616,0.008254726213635877,1.1850781261920929,0.8584155738353729,0.0933343455195427,-0.26888560838997366,0.339209271222353,0.8008055746555328,-0.10674137081950903,0.9472196519374847,-0.07922125980257988,-0.11120586865581572,0.8661859080195426,1.4949840575456619,0.42683265544474125,-0.4891481935977936,0.3015473887324333,-0.15026366114616393,-0.8788873463869095,-0.19048542492091655,0.019511392712593077,-0.20498571917414665,0.4281604643911123,0.14668711349368097,0.039304517954587934,1.5587651669979095,0.10052884034812451,0.4036315388977528,1.201000264286995,-0.1831621617078781,-0.3003695845603943,0.09464434906840324,1.192980992794037,1.797223061323166,1.2037700951099395,-0.5030368357896805,0.47266422137618064,1.3587808966636659,0.21375212706625463,0.8591962695121765,1.8220463275909424,0.4094856269657612,0.8064008962363005,0.01938227340579033,-0.025025301054120062,0.4204148143529892,0.2622307278215885,0.01016104246955365,-0.5691506535280496,-0.9476226292550564,-0.5350512802600861,0.06550210304558277,-0.1325801245868206,0.17659758697263897,-0.010546211060136557,2.5985690474510195,2.5554203271865843,2.6152350664138795,1.5251566119492055,0.5526340439915657,1.209223946928978,2.4223779439926147,2.3248841881752016,0.9464274287223816,1.255506271123886,1.0798298314213752,2.0620510578155518,1.1532540839165448,2.062585437297821,1.4128205493092536,1.3659649729728698,0.8615268766880035,1.1196645841002464,0.6865427382290363,0.605460076034069,1.3051469326019287,1.6865408003330231,-0.09820042327046394,0.8815904185175896,0.16604153215885162,0.4888836005702615,0.18446263670921326,0.7546596877276898,-0.09775145687162876,0.2685212674550712,0.5618263388052582,0.13130170702934266,0.40263204127550123,0.4711567752063274,0.6855502784252167,0.37709088921546935,0.5894114000722765,1.0146895812824368,0.903625026345253,0.448698852956295,1.4840953759849072,0.41706695035099983,1.1784913152456284,0.04061407297849655,-0.08738302290439606,0.6358697289600969,0.31439835727214815,0.5258897513151168,0.5386735647916794,0.5946757018566131,0.5475715607404709,0.450468422472477,0.23447653129696847,0.7994384169578552,-0.058364929258823396,0.6880154475569725,0.39314004853367807,0.4080785394180566,1.2355874359607697,1.356612604856491,-0.0978823408484459,-0.21623526975745336,2.034406137466431,1.4298126518726348,1.8606698155403136,1.8918258190155028,2.058470845222473,2.170893633365631,1.8178749084472656,1.7838534474372865,1.7389623165130614,1.3841192483901978,0.9817389339208603,1.0454986661672592,1.1046595633029939,0.8901356011629105,0.8722015831619501,1.7461296677589417,1.3766120612621306,0.6707163095474243,0.09528053328394889,0.8675194665789604,-0.1538582056760788,1.9925095677375793,0.13923470806330443,0.06271046921610832,1.7312959432601929,-0.5126134853810072,-0.16259588077664375,1.1567193388938903,0.941094032023102,0.3733033388853073,0.1577106236247346,0.41254880987107756,0.2856340385042131,0.9097120612859726,2.0699719548225404,0.8168849594891071,1.1163120493292809,0.7998864457011223,0.20536727830767632,0.7224676817655563,1.523178517818451,-0.2449904759414494,0.849917933344841,0.5670107275247573,0.021533271856606008,-0.14787115752696992,0.8941457062959671,1.2779117941856384,-0.40397589579224585,-0.07242065519094468,-0.049201278015971184,0.592168178409338,0.08397588431835175,1.293422120809555,1.3608649015426635,0.9475368916988373,0.4353695075958967,1.1662657916545869,-0.22051574401557444,0.5711604949086905,1.1402555584907532,0.11409326987341047,-0.312106092646718,-0.2633214831352234,0.05683212243020534,-0.33231073021888735,0.16809068173170089,-0.009504979103803634,0.8311245977878571,1.0782035917043686,0.832791231572628,0.6462678104639054,1.0775002479553222,-0.6496871680021286,1.9471687495708465,1.0785833880305291,2.134445512294769,2.4060320138931273,1.1474883198738097,1.4813717544078826,1.7298197150230408,2.602238130569458,1.2553785413503646,0.9957566916942596,1.533581054210663,2.090071678161621,0.5557835608720779,-0.16585869761183858,0.506524407863617,0.6730603091418743,0.6773890644311905,0.47961248829960823,1.4256099969148637,0.7459181599318981,1.4233642995357514,-0.03020256496965885,1.042028483748436,0.32578732082620265,1.1949668362736703,0.25184255503118036,-0.10684165060520172,-0.8264102369546891,0.3727834980934858,0.08456003740429878,-0.13392033129930497,0.3334285028278828,0.5973454743623734,0.16974566206336023
1.0115781366825103,0.580175194144249,0.8540312290191651,0.2544286400079727,-0.23826224803924562,0.7430086567997932,0.743341913819313,1.2761652290821075,0.422386159747839,0.007811488304287195,-0.0032566949725151063,1.255761408805847,0.22270032651722432,1.290802001953125,1.1190665781497955,0.10756453573703766,1.9911393642425537,1.1356713414192199,0.2716427743434906,0.6235731080174446,0.07715240505058318,0.27653772071935234,0.3412627749145031,0.6091211251914501,-0.3096390441060066,-0.6029883205890656,-0.5556124314665795,-0.6008030213415623,-0.5275640062987804,-0.12188318371772766,-0.00272702407091856,2.0689173221588133,2.2746908903121947,0.8913168862462044,0.08602450564503669,0.7079293720424176,1.7187981247901916,1.8756251752376556,1.2333679974079133,1.2858106732368468,1.3612245261669158,1.4042238593101501,0.49378192573785784,0.052111989632248876,0.32331081153824925,0.5256377905607224,0.608199704485014,0.5425087362527847,0.6749232888221741,0.7766892403364182,0.817667332291603,0.24402403868734837,0.17060652673244475,0.13665758669376374,0.008780160377500578,1.1234829179942607,0.6020991641329602,1.64494988322258,0.2595338013023138,1.112530454993248,0.6169558137655258,0.5272431343793869,0.5705888897180558,0.5904577791690826,0.5746524430811405,0.6539726957678795,0.8231141911819577,0.26101069347932937,1.3110492289066316,0.9557774037122726,1.138076388835907,1.8944627046585083,0.03419585786759853,1.058408860862255,0.0629270157776773,0.5891917079687119,0.6888445120304822,0.21498289704322815,0.8967991340905428,0.8893394820392132,0.02340745027177036,0.2995292887091637,0.26495190560817716,0.42531378716230395,0.4837727278470993,1.9543769001960754,0.47022824436426164,0.38851511795073745,0.029044969566166402,1.815988790988922,0.8202309831976891,1.5096819639205932,1.5929901242256164,1.4296711727976799,1.4579129487276077,1.61393084526062,1.454718290269375,0.499847748875618,0.2892722986638546,0.6592381652444601,0.2688177891075611,0.2927970185875893,0.66604513078928,1.2069427326321602,1.3819766283035277,0.5236366391181946,-0.43267354033887384,0.27884836196899415,0.43522641956806185,0.6703167095780372,0.11027464866638184,0.3206348425708711,1.05662185177207,-0.30019174576736984,0.6586413987446577,0.09762787446379662,0.5066940754652023,-0.44634991586208345,-0.4141002181917429,0.15945219844579697,-0.03494350016117096,0.21841276800259948,1.049313372373581,1.2408353947103024,1.0742631740868092,1.0008120834827423,-0.07305627050809563,1.283894407749176,0.8406111717224121,-0.015453668311238289,0.7722613081336022,1.4449724674224853,0.8831568423658609,-0.35459795482456685,0.0872102253139019,1.054639720916748,-0.03932098224759102,0.4681924913078547,0.6107697486877441,1.0933468759059906,0.6732116580009461,0.36253348663449286,0.1416907873004675,-0.036981367506086826,0.3054711322300136,-0.21141146942973138,-0.24694181382656097,0.7046789502725005,1.164846596121788,0.1415051975287497,-0.20458671748638152,1.2490576267242433,1.9812200903892516,1.7099942684173584,2.289704716205597,2.3399052023887634,2.296355736255646,2.1115659058094023,1.7762737154960633,0.8408472239971161,-0.10427003800868988,-0.25045796632766726,0.5715434664860368,-0.37989441156387327,-0.04148016348481178,0.7534299101680517,0.2786904371343553,-0.12075258791446686,0.09649502784013748,1.1195172548294068,-0.4382518034428358,1.4024383425712585,0.0950335517525673,-0.00310751348733902,1.2979817390441895,0.35989920496940614,-0.13692237065988594,1.1544724762439729,0.9175423957407475,0.1524970456957817,-0.16290100403130053,0.47155089005827905,0.9106559216976166,-0.03149447049945593,1.0761617302894593,0.046987950801849365,-0.005132003361359239,0.82864059060812,1.5133894771337508,0.46196314729750154,-0.51997160166502,0.2674226209521294,-0.43948829770088194,-0.9134120047092438,-0.2676512997597456,-0.12054721415042877,-0.2770791582763195,0.28772491179406645,0.1750878296792507,0.008774202316999435,1.62020503282547,0.20311193279922007,0.5710210092365742,1.3149995028972625,0.008093702793121337,-0.11503442227840424,0.3262703470885754,1.2455274522304536,1.8509423971176147,1.2115197420120238,-0.2801080018281937,0.594375167414546,1.3431773900985717,0.3024226490408182,0.9669551491737366,1.8185176968574523,0.5464400060474872,0.9105508759617805,0.09017941653728485,0.07024108283221722,0.5047869652509689,0.31915201172232627,0.09739175501745194,-0.6102255061734467,-0.875196748226881,-0.3667155891656876,0.06823934502899646,-0.13490156829357147,0.3088586903642863,0.13567074174061416,2.4948779106140138,2.5583460330963135,2.559255337715149,1.3281745247542858,0.31128090173006057,0.9463703542947769,2.3711165308952333,2.3391924500465393,0.8314734041690827,1.1207872211933136,0.9051794275641442,1.9674868822097777,0.9679048728197813,2.061779999732971,1.3948218278586864,1.2385704427957536,0.7069269597530365,1.0117815747857093,0.6237263061106205,0.3211678430438042,1.2407083988189698,1.6908737540245056,-0.21643897891044617,0.8330597832798958,0.04461104869842529,0.5257066249847412,0.051035350561141966,0.7999570928514004,-0.2754970107227564,0.33082651225849985,0.6950398290529847,0.20083238631486894,0.4047277674078941,0.4936437614262104,0.7543117508292199,0.42428285628557205,0.6268777325749397,1.1924331383779645,1.069332805275917,0.6379962846636772,1.6076446294784545,0.5082773484289647,1.1617074817419053,0.03846736401319504,0.07673410475254058,0.5587600389495492,0.44353183060884477,0.44609321653842926,0.2781521111726761,0.6668868035078048,0.6463081121444703,0.501936262845993,0.05905039831995964,0.8827534614829347,0.053786109387874606,0.6041108146309853,0.37632232140749694,0.43241416295059026,1.2743064671754838,1.4864840626716613,-0.058759909868240354,-0.08348303899401799,1.9913859605789184,1.4538149654865264,1.8891611456871034,1.8713303565979005,1.8884683936834334,2.0976989030838014,1.8142698526382446,1.761233425140381,1.9078961491584778,1.1236862063407898,0.7521135941147804,0.8451417595148086,0.9383412063121795,0.75199975669384,0.5500254485756159,1.6680715441703797,1.3707850396633148,0.7340915918350219,0.07630015686154365,0.7713094249367713,-0.27492237389087676,1.9563443303108214,0.15256308782845734,-0.011973632127046585,1.6587629795074463,-0.4621337871998549,-0.14974347427487372,1.1419878721237182,0.8128140033222735,0.38253648690879344,0.094868582370691,0.37848272882401945,-0.00230232710018754,0.8473182342946529,1.9811783611774445,0.7962305314838887,0.8679092571139335,0.6781192913651466,0.26517900004982947,0.8510858476161957,1.563392734527588,-0.13189795911312102,0.7177754133939743,0.636528554558754,0.14036807734519244,-0.33153858631849287,0.9389747172594071,1.079514105618,-0.3295488841831684,-0.0566523626446724,-0.0980504434555769,0.6491511657834053,0.12002405226230621,1.3020443737506866,1.337870180606842,0.9956401288509369,0.5591705176979304,1.2774126708507538,-0.1509047534316778,0.7397010710090399,1.318416565656662,0.21670142831280828,-0.1823282141238451,-0.1870170295238495,0.14032502584159373,-0.5460680246353149,0.0796357199549675,0.011510782688856126,0.9422167360782623,1.1037022918462753,0.8042397782206535,0.6863165378570557,1.091821652650833,-0.6123814716935158,1.889033555984497,0.9508873514831067,2.0703606843948363,2.2703495264053344,1.121292507648468,1.4851336777210236,1.7774504899978638,2.5694502115249636,1.2006237119436265,0.9585659258067608,1.5411603331565857,2.0759307861328127,0.47117074131965636,-0.1530247894115746,0.3972979515790939,0.6391328871250153,0.7178089559078217,0.12800803855061532,1.4905387938022614,0.8023989029228688,1.4571988523006438,-0.01515457071363926,1.1141379415988921,0.377497932408005,1.3008654922246934,0.30271460078656676,-0.21616177260875702,-0.860572537779808,0.2677616696804762,0.06687339767813683,-0.20974355638027192,0.1732483096420765,0.5309491902589798,0.1869445376098156
1.1312587201595306,0.8200584441423416,1.0989536970853806,0.45983063578605654,0.06292730569839478,0.8929519519209862,0.8555150419473648,1.4015376448631287,0.6656907789409161,0.16804282823577524,0.2187156155705452,1.212019807100296,0.31864160038530825,1.39250328540802,1.281664288043976,0.2763250321149826,1.9974008440971374,1.1722682237625122,0.43681668043136596,0.7606459006667137,0.09288700895849615,0.3377872331533581,0.5231910787522793,0.7098731905221939,-0.1825297400355339,-0.5544558748602867,-0.32373750060796735,-0.41692198291420934,-0.336418067663908,0.0015551954507827758,0.11960574705153704,1.9066317319869994,2.142906355857849,0.6093345358967781,-0.09715185686945915,0.4564594678580761,1.6962136507034302,1.6947448328137398,1.018956507742405,1.0811851985752583,1.1650759533047677,1.2631243407726287,0.45615039095282556,-0.017776116356253625,0.24873499693349005,0.44604583978652956,0.43633617241866884,0.4288041293621063,0.5451819844543934,0.671099754795432,0.6166269153356552,0.13424243964254856,0.09926293790340424,0.08979190587997436,0.03973049187916331,0.9642529331147671,0.5549176934408024,1.5899591982364654,0.20231914706528187,1.1216313123703003,0.6310050845146179,0.5235945791006088,0.7165836066007614,0.6774691954255104,0.5546656871214509,0.748735848069191,0.9398665713146329,0.4091363062150776,1.3971518099308013,1.170933586359024,1.1556453824043273,1.7756085515022277,0.2575549062341452,1.0311005681753158,0.19626259421929718,0.5066372632980347,0.8164340846240521,0.4014641523361206,0.8587174352258444,0.9529563933610916,0.15348375733010472,0.4383950516581535,0.3673954397439957,0.46939362287521363,0.5918307989835739,1.9821828722953796,0.586218424141407,0.3908589692786336,0.19494065809994937,1.8278047680854796,0.8922942891716957,1.375018584728241,1.4332747407257558,1.365439809858799,1.3822376802563667,1.5746981143951415,1.3964919552206994,0.32227879427373407,0.22938505988568067,0.4674513664096594,0.07905770018696785,0.07891143709421158,0.5020962730050087,0.966129769384861,1.2196371853351593,0.5425180403515697,-0.562044533714652,0.13272041082382202,0.26643129587173464,0.6130713224411011,-0.01541164070367813,0.29543276531621815,1.0707087397575379,-0.2976962393615395,0.6173402823973447,0.2219974987208843,0.45695792734622953,-0.435661780834198,-0.4267106357961893,0.09125416427850723,-0.07013776153326035,0.2788501459173858,0.9714528679847717,1.2299573443830014,0.9136409647762775,0.8946781843900681,0.10976166245527566,1.2932993948459626,0.8947382211685181,0.18330977968871592,0.9428663343191147,1.474894380569458,0.8722569052129984,-0.3430879462510347,0.16192321360576897,1.100088882446289,0.003509020060300827,0.5723112765699625,0.6737867414951324,1.1934849083423615,0.8057667493820191,0.32080187276005745,-0.0009090635925531387,0.09322466012090444,0.38237992031499746,-0.28060611709952354,-0.4006803035736084,0.7927073493599892,1.071849599480629,0.1216544353403151,-0.17283783555030824,1.1772476017475129,1.8493638515472413,1.6349992752075195,2.1337999939918517,2.1800625920295715,2.2043211579322817,2.01429825425148,1.6918490529060364,0.7864786520600319,-0.09912538230419159,-0.2956532459706068,0.5020834172144533,-0.2895634934306145,0.06109873875975609,0.6589118506759405,0.31195128625258806,-0.14440568685531616,0.013458259403705597,1.1374941647052765,-0.37005555517971517,1.2841858865693212,-0.0017348170280456544,-0.09058266133069992,1.2646686911582947,0.3859847843647003,-0.28632496820646336,1.119980549812317,0.9674003958702088,0.22643091082572936,-0.03999283500015736,0.6011941656470299,0.9816095918416977,0.08682547602802515,1.1840899586677551,0.21192756295204163,0.0743126434739679,0.844001691415906,1.5175372958183289,0.47131126560270786,-0.5048143967986107,0.22342242449522018,-0.5064192444086075,-0.8686824858188629,-0.30483541153371335,-0.2066465884447098,-0.38011785969138145,0.07068179808557033,0.22736317440867423,0.06968040987849236,1.7587586641311646,0.4033008638769388,0.8046528838574887,1.4115534782409669,0.26568271219730377,0.14359351992607117,0.4322208933532238,1.3446417570114135,1.8860746383666993,1.1651516735553742,-0.018906089663505554,0.7297449182718992,1.3008026421070098,0.39274909235537053,1.0960956633090972,1.8416141152381897,0.7102313056588173,1.0260078608989716,0.17931534498929977,0.12356990985572339,0.5933779120445252,0.39801868721842765,0.19104975592345,-0.6691104487050324,-0.8268959157168865,-0.22669510543346405,0.10057842917740345,-0.12106532752513885,0.4063556275796145,0.3076577984727919,2.348639118671417,2.503174066543579,2.451935589313507,1.1205538861453532,0.06685764342546463,0.6750753074884415,2.2612932205200194,2.358012056350708,0.6668464481830597,0.9150514543056488,0.7044108338654042,1.8235796093940735,0.7125527422875166,1.998720073699951,1.389358251541853,1.0846416525542737,0.6196957260370255,0.8534841376356781,0.5066777288913726,0.14623460918664932,1.096170537173748,1.6633116841316222,-0.2864550739526749,0.7782763853669167,-0.07579349875450134,0.5574424415826797,-0.03816707730293274,0.8113478258252144,-0.36594904996454714,0.36827662168070674,0.8024558365345001,0.27432001680135726,0.33775437623262405,0.472438932210207,0.7881533384323121,0.4424056217074394,0.6664015054702759,1.3304023742675781,1.1536350190639495,0.7784928232431412,1.742542576789856,0.5863219492137433,1.2290141314268113,0.06389281004667283,0.2684044986963272,0.46481687519699333,0.5907699927687645,0.39552505910396574,0.06579550802707672,0.7956208914518357,0.7081236839294434,0.5649541363120079,-0.10951140001416207,0.9688959656981752,0.20373065024614334,0.5118070855736733,0.40242867898195983,0.44870356768369674,1.2653175085783004,1.6296170592308044,-0.00048340782523155213,0.05947619214421138,1.9244086980819701,1.5099025309085845,1.9303043484687805,1.8717100143432617,1.7142543166875839,1.9528029084205627,1.757213032245636,1.704453444480896,2.0130132675170898,0.8234909906983375,0.5202072486281395,0.7472668141126633,0.6397155940532684,0.623214702308178,0.22923152185976506,1.458092537522316,1.346654909849167,0.8346925705671311,0.029405906051397323,0.6196043714880943,-0.293046572804451,1.9453269720077515,0.2051284583285451,0.07782350480556488,1.6014936715364456,-0.3810819651931524,-0.0744879700243473,1.134553599357605,0.7572117359377444,0.4101210433989763,0.1117083742050454,0.2823593089357018,-0.05405859434977174,0.8356289766728878,1.861207550764084,0.7182483024895191,0.860181175172329,0.6207518354058266,0.3590089477598667,0.9647921741008758,1.5470823049545288,0.021590221114456652,0.6796433657407761,0.6866144925355911,0.2346773924306035,-0.44210622161626817,1.0432543724775314,0.9092355385422707,-0.22875140532851218,-0.013022419437766075,-0.10360722355544567,0.7165383979678154,0.1381581962108612,1.3347140967845916,1.422902262210846,1.0705012917518615,0.7358047816902399,1.391128820180893,-0.09996212981641292,0.9369327992200851,1.503613954782486,0.36741624744608997,-0.023313175514340402,-0.039463311433792114,0.2517697406932712,-0.6451711386442185,-0.12929726988077164,-0.008547034114599228,1.0945408433675765,1.1914336174726485,0.7896727368235588,0.7817167341709137,1.1242132782936096,-0.547642432153225,1.8695042252540588,0.8338736526668071,2.0141029357910156,2.119473910331726,1.0901527166366578,1.459504371881485,1.8042860746383667,2.5002011179924013,1.0889531686902045,0.8620892502367496,1.5400098443031311,2.0097055196762086,0.3980663388967514,-0.1028952126391232,0.3195487141609192,0.6127658151090145,0.7782620102167129,-0.1514684371650219,1.5072857201099397,0.8661486305296421,1.4832221567630768,0.08259241990745067,1.1884114563465118,0.5194899105466902,1.4078089118003845,0.3405388262122869,-0.2577039748430252,-0.8889539837837219,0.29711446575820444,0.1042712800204754,-0.20979574024677278,-0.05504799410700798,0.5140021234750748,0.26834940537810326
1.2785650491714478,0.8842281848192215,1.2635127365589143,0.6767111659049988,0.36777878999710084,1.0419118851423264,0.8557972997426987,1.524757969379425,0.836583799123764,0.3713403121568263,0.46353531032800677,1.1866628110408783,0.2835746381431818,1.4723883628845216,1.3969687879085542,0.4025835931301117,1.9805001735687255,1.1937808513641357,0.6217000007629394,0.7919428095221519,0.22262785511557012,0.4615629598498344,0.713447555154562,0.8083134546875954,-0.0260252520442009,-0.458399660885334,-0.028593920171260834,-0.14935239925980567,-0.10950219556689263,0.13065232634544371,0.28173685241490604,1.6673198103904725,1.9543907463550567,0.4479213461279869,-0.2969686143100262,0.3131881482899189,1.6096110343933105,1.408324418962002,0.7848492950201035,0.8655487427487969,0.9331699922680855,1.0751550942659378,0.34793612733483315,-0.09417741037905217,0.12407109560444951,0.40567578077316285,0.29213754017837346,0.37509461045265197,0.391968572884798,0.6195146884769202,0.44850837588310244,0.0850797150284052,0.06082036793231964,0.07940095663070679,0.08157165317679756,0.7388365261256695,0.5391738596605137,1.480035263299942,0.1618309933692217,1.0845618009567262,0.6508815169334412,0.46864409148693087,0.7930173575878143,0.7549890577793121,0.5254040146246552,0.7833391010761261,1.0201836585998536,0.47216317551210524,1.4969292521476745,1.284088569879532,1.1333659410476684,1.658421415090561,0.5121483560651541,0.9791008204221725,0.3654194614849985,0.4191915035247803,0.9895329445600509,0.5284552574157715,0.8300409611314535,0.9805830746889115,0.2848077296745032,0.4829397574067116,0.4804808869957924,0.4818429067730904,0.6686902940273285,1.9410664916038514,0.6997944965958596,0.48261363971978427,0.3511918256059289,1.7817068934440612,0.9738893285393715,1.2138219714164733,1.258950687199831,1.2155167117714882,1.2405619844794273,1.4957204103469848,1.1604372918605805,0.08062458112835884,0.14835151406005026,0.36992950104176997,-0.019969796389341356,-0.07618437260389328,0.29222206622362135,0.685203205049038,1.0666846580803395,0.6063426492735744,-0.6797030445188283,0.0147212540730834,0.07763069868087769,0.4943405121564865,-0.044002597033977506,0.2621611754409969,1.0278318792581558,-0.3045210635755211,0.5913247503805905,0.3327454082667828,0.4389454394578934,-0.3878713745623827,-0.3795730847865343,0.09377045184373856,-0.11644352078437806,0.34631569087505343,0.9512563228607178,1.175995197147131,0.7445977635681629,0.9110536068677902,0.323050044151023,1.2398074686527252,0.9123078405857086,0.37181654684245585,1.099028816819191,1.4845184803009033,0.8987675253301859,-0.251072183996439,0.280615623597987,1.1360355079174043,0.10559775605797768,0.652749628201127,0.699128407239914,1.253759390115738,0.8951138436794281,0.27996697202324866,-0.05064085274934769,0.24782746192067862,0.48803687347099184,-0.3299071840941906,-0.44332362711429596,0.8275950744748115,0.9389716327190399,0.036428922042250636,-0.0972631111741066,1.045888105034828,1.6888849556446075,1.505804106593132,1.9792835354804992,1.9756555557250977,2.0481038093566895,1.8096363842487335,1.5724888145923615,0.7315602883696556,-0.027751812338829042,-0.3266252651810646,0.4043072396889329,-0.1702956035733223,0.1579035021364689,0.5433769222348929,0.47949362760409714,-0.17432399541139604,-0.12457508891820908,1.1457057058811189,-0.2325077522546053,1.108187415637076,-0.030876056849956514,-0.15462631732225418,1.1620544999837876,0.4236718535423279,-0.4498904250736814,1.0360215097665786,0.98798166513443,0.3004346266388893,0.07100413106381893,0.6942364707589149,0.9710640370845794,0.11787431631237269,1.2700983345508576,0.3943790331482887,0.15765540576539933,0.7434954900294543,1.4289507001638413,0.3955653432756662,-0.43897898942232133,0.16708909273147582,-0.3970628410577774,-0.7720043383538723,-0.33603574661538005,-0.27391004264354707,-0.43744317516684533,-0.013101398572325706,0.2787998400628567,0.06056653782725334,1.7394737243652343,0.5642913524061441,1.0284417207352816,1.4872872352600097,0.5182846575975418,0.46669585108757017,0.4842700384557247,1.4110228538513183,1.8953283667564391,1.1548361480236053,0.33128432333469393,0.8645596124231816,1.2616864383220672,0.4492613483220339,1.2246840119361877,1.8673271775245666,0.7854162260890007,1.1099105775356293,0.3488339871168137,0.2046738278120756,0.6920794457197189,0.5276882372796535,0.35124576073139907,-0.5864785835612565,-0.7263876836746931,-0.040631577372550964,0.203715356066823,-0.015978115797042846,0.5168327670544386,0.4566277884878218,2.1584771990776064,2.360506904125214,2.23267776966095,0.8614659912884235,-0.06463850736618042,0.3741464652121067,2.060847508907318,2.292320454120636,0.5073003709316254,0.6304562270641327,0.5360580630600452,1.6470465302467345,0.4573512028902769,1.876846706867218,1.2724833957850934,0.8982815600931644,0.5303435951471329,0.7497300106100738,0.4184371381998062,0.06352316588163376,0.9191237166523933,1.5805424928665162,-0.37700966000556946,0.5954363614320755,-0.17360084280371665,0.6156672418117524,-0.0212205208837986,0.8232514396309852,-0.38204825222492217,0.34844735441729424,0.8700221240520477,0.3314299821853638,0.28227217942476274,0.5016659326851368,0.7900018811225891,0.4847344383597374,0.6573445439338684,1.4110154509544373,1.2171002686023713,0.8878711313009262,1.81435170173645,0.7356330297887326,1.2457413643598556,0.14344332069158555,0.4453595891594887,0.3846222782507539,0.729178711771965,0.3025324821472168,-0.051034584641456604,0.8293367147445678,0.7219723612070084,0.6247222691774368,-0.19546923115849496,0.9873382924823091,0.34035832434892654,0.3892407789826393,0.4188373951241374,0.42986905574798584,1.215655228495598,1.7369248032569886,0.1294574536383152,0.18866850122576578,1.873400366306305,1.567517477273941,1.9229206681251525,1.8790330171585083,1.5565717071294785,1.7902020573616029,1.662460207939148,1.6430052638053894,2.076142430305481,0.5303173586726189,0.2968567244708538,0.6302076250314712,0.35411897152662275,0.5462483234703541,-0.05720924995839596,1.2467032670974731,1.3368771374225616,0.923513188958168,-0.03476431891322136,0.4657329395413399,-0.3401215296704322,1.8642988801002502,0.24482377339154482,-0.07149155735969544,1.4865401089191437,-0.27661428712308406,-0.002136477828025818,1.1076443076133728,0.7160191328264773,0.4422141183167696,0.12301281231921166,0.25717146191746,-0.16192868435755373,0.7881744049489499,1.711152595281601,0.7205105014145374,0.7043925866484642,0.6174436703324317,0.39264474287629125,1.0433113873004913,1.5006040573120116,0.17077666223049165,0.538819482177496,0.7411745816469193,0.3207235991954803,-0.546321289241314,1.1311365216970444,0.748940809071064,-0.11991365179419518,0.06187638081610203,-0.0716079693287611,0.7834201559424401,0.16178540512919426,1.309259158372879,1.4068696737289428,1.1652098774909974,0.8643977914005518,1.4608616650104522,-0.058092497289180756,1.1098159015178681,1.6787393033504485,0.5102874604053795,0.18327032029628754,0.0887656569480896,0.34599654506891964,-0.7876589357852936,-0.2320514813065529,-0.02123281583189964,1.2299827843904496,1.2437647789716721,0.8206994935870171,0.8849492549896241,1.1156905055046082,-0.43397743403911593,1.760464596748352,0.7522691003978252,1.8806838512420654,1.9989210605621337,1.1427769660949707,1.4423556268215179,1.8215094089508057,2.3164503157138823,0.934078286588192,0.801911000162363,1.4911443829536437,1.8969845414161681,0.3540162771940231,-0.03941543446853757,0.23934750854969025,0.6059609018266201,0.8181639581918716,-0.5031920127570629,1.4629403412342072,0.8831003703176975,1.4744918644428253,0.14606322161853313,1.2420281410217284,0.6320660495199263,1.4606740415096282,0.3450332310050726,-0.22476455867290496,-0.7640874683856964,0.25644044689834117,0.131843351572752,-0.18849342167377472,-0.20052602216601373,0.5049973636865616,0.35883365496993064
1.4461994647979737,0.963193616271019,1.3828277051448823,0.8945713967084885,0.6869758665561676,1.1505085617303847,0.8562160640954971,1.592609179019928,0.977340179681778,0.5277693734504283,0.7855460360646248,1.1370997965335845,0.3491695675998926,1.499355936050415,1.5296676337718964,0.5016106307506562,1.9064172863960267,1.3297463238239289,0.7881924748420716,0.8252834901213646,0.3391313649946824,0.5487871006131172,0.8548308648169041,0.9492378458380699,0.1421876922249794,-0.359849239885807,0.22208456546068192,0.10170716270804406,0.1296464152634144,0.32154377102851867,0.4462690958753228,1.401114284992218,1.6990665167570114,0.35173463001847266,-0.4687909118831158,0.21656900718808175,1.4154378786683082,1.112723772227764,0.5385550528764724,0.6438774982467294,0.7350480854511261,0.9380194783210755,0.16941057071089743,-0.21735181845724583,0.00023938240483403205,0.3188749045133591,0.06473248680122197,0.19978851079940796,0.29599477127194407,0.4743789665400982,0.2355695128440857,0.05065942741930485,0.10220895707607269,0.12723115347325803,-0.023020275245653466,0.4758222930133343,0.4561993870185688,1.3275078535079956,0.10242818482220173,1.0053896129131317,0.63754443526268,0.3395543694496155,0.7914575874805451,0.7425073206424713,0.4212392533197999,0.7350906267762184,0.9819077134132386,0.4405110870487988,1.4833902716636658,1.3210933208465576,1.0520635187625884,1.504187858104706,0.7500779896974563,0.8877775341272354,0.49625073885545135,0.3498650103807449,0.9659053653478622,0.5796348735690117,0.7844961222261191,0.9241842776536942,0.3603740599006414,0.4699481464922428,0.5534899160265923,0.4268995776772499,0.6229975581169128,1.8188263773918152,0.8259493499994278,0.5752512024715543,0.4462416211143136,1.662538516521454,0.998248054087162,1.0660115897655487,1.0375715777277947,1.0379826918244361,1.0419553038664162,1.3871351301670074,0.9013423383235931,-0.09270326420664787,0.12758541824296116,0.31075530536472795,-0.08795791938900947,-0.23695624321699144,0.13459227234125137,0.46988315135240555,0.8118145652115345,0.589444169215858,-0.8351229306310415,-0.17404986266046762,-0.19528369903564452,0.3272737473249435,0.011167751252651214,0.21364429099485277,0.9254842340946198,-0.2424227199051529,0.48869608868844805,0.4526027552783489,0.4515945166349411,-0.35477357991039754,-0.3468008179217577,0.010908177495002747,-0.1571185663342476,0.41519084572792053,0.9659251809120178,0.9813004665076732,0.5711095072329044,0.663661339879036,0.506076953560114,1.1415324807167053,0.8351564347743988,0.5231794636696577,1.1236334711313247,1.4590561628341674,0.8829524699598551,-0.20988269075751304,0.34892268360126766,1.1042023718357086,0.1998349569737911,0.7402789149433374,0.6928167760372161,1.2719335019588471,0.9750718832015991,0.18327196463942527,-0.09480428211390972,0.4247353201732039,0.590988730918616,-0.49699188992381094,-0.5213438689708709,0.8205191597342492,0.8352462746202945,0.07419354654848576,-0.021937763690948485,0.9123536556959152,1.4787698082625866,1.2807374477386475,1.7553896456956863,1.719009405374527,1.7614555820822715,1.568669106438756,1.3494246765971183,0.596764825284481,0.05070598721504212,-0.35402149707078934,0.2666584962978959,-0.05269419103860855,0.19811151251196862,0.4298327978700399,0.5572727166116238,-0.19353038892149926,-0.15393495112657546,1.1578238368034364,-0.10935815460979939,0.9243726188316941,-0.1130860760807991,-0.21970247477293015,0.9874681249260903,0.4643122047185898,-0.5713310580700636,0.8717318803071976,0.9325320959091187,0.3273143507540226,0.16293823532760143,0.699882085621357,0.885108551941812,0.12084488039836287,1.29206280708313,0.4902504667639732,0.16000012904405594,0.5732911545783281,1.240488661825657,0.4665108148008585,-0.3647765502333641,0.16483528017997742,-0.4376139998435974,-0.6075461141765117,-0.3525066695176065,-0.296096670627594,-0.4803626276552677,-0.24853897653520107,0.3508094273507595,0.06858851239085198,1.6876935482025146,0.6705490235239268,1.1996482665650547,1.5390562057495116,0.8287108838558197,0.8045098006725311,0.667771878093481,1.5281063199043274,1.9008785963058472,1.1771805584430695,0.647778770327568,0.9942830838263035,1.2780201971530913,0.6474182598292828,1.3834300935268402,1.863792085647583,0.8901073440909386,1.1814151883125306,0.518753495812416,0.3439351234585047,0.8374379426240921,0.684936698526144,0.5449233895167709,-0.5235955312848091,-0.5895654182881117,0.1665396898984909,0.29529376812279223,0.11895725429058075,0.635070038959384,0.6121760808862746,1.9812617897987366,2.1651935815811156,1.9820803612470628,0.6823990754783154,-0.23002828061580657,0.1772565759718418,1.8335709393024444,2.163867723941803,0.2696493625640869,0.31405429244041444,0.42348654940724373,1.4190498679876327,0.26513536684215067,1.7313972175121308,1.0807207264006138,0.6915955312550068,0.45309403240680696,0.48846840439364314,0.2695589765906334,-0.12337581813335419,0.7198082625865936,1.4821759402751922,-0.5033433020114899,0.4528331786394119,-0.34701544865965844,0.58023199737072,-0.13409420028328894,0.7157489761710167,-0.5303548604249955,0.24216527370736002,0.9222205102443695,0.37676493525505067,0.2101913258433342,0.4536692500114441,0.7011147484183311,0.4877215251326561,0.6059339493513107,1.3880897521972657,1.1781129479408263,0.8990759521722793,1.8384139776229858,0.8337291829288006,1.3054555743932723,0.3056226298213005,0.7044689550995826,0.25804493147879837,0.8947908341884613,0.185357965528965,-0.18691407144069672,0.8470973610877991,0.6989718765020371,0.668746080994606,-0.2657479979097843,0.9491008876590058,0.48615790978074075,0.22298405319452286,0.3979747204110026,0.38343955874443053,1.077421948313713,1.813004720211029,0.2152091719210148,0.3376980233937502,1.8052129864692688,1.6803929507732391,1.908823800086975,1.856476092338562,1.397008654475212,1.612333559989929,1.5275789499282837,1.5497830033302307,2.0546329855918883,0.41592722982168195,0.18746753297746183,0.5010790444910527,0.1542794033885002,0.45568863227963446,-0.32256423495709896,1.0395331352949142,1.256617671251297,0.9401467055082321,-0.13942832872271538,0.22123042196035386,-0.44917763196863236,1.6518542647361756,0.28078265953809023,-0.14534513354301454,1.252749302983284,-0.24308844478800892,0.17663894593715668,1.0565883278846742,0.6403849245049059,0.42298223860561845,0.24783999759238212,0.18154355976730585,-0.06559853339567781,0.7663571439683438,1.4925644278526307,0.75405398234725,0.6629917621612549,0.6513434872031212,0.43122067153453825,1.1236405432224275,1.4284214735031129,0.418597885966301,0.37549844980239866,0.795841172337532,0.4292656347155571,-0.5503804460167885,1.2195073455572127,0.6843002006411553,-0.04485875964164734,0.09471945948898793,0.008511856198310852,0.7648522302508354,0.17186063304543495,1.2425735116004943,1.447860884666443,1.2269569396972657,1.0058079037815333,1.514496201276779,-0.0426707923412323,1.2219949424266816,1.8232227265834808,0.6294014480896294,0.39881702959537507,0.23187873214483262,0.511415701918304,-0.889350625872612,-0.4048436298966408,-0.11335130557417869,1.2380778700113297,1.298757228255272,0.873068456351757,0.9649977385997772,1.1030081391334534,-0.2488005429506302,1.5779553025960922,0.6493425779044628,1.7754627108573913,1.7357129096984862,1.0881013929843903,1.296169526875019,1.851375663280487,2.077259749174118,0.833925561606884,0.7152790188789367,1.4136762499809266,1.7250979363918304,0.4142459511756897,0.0161668686196208,0.1860932856798172,0.5141153179109097,0.8349447637796402,-0.7842702083289623,1.3495782926678657,0.8516663648188114,1.3577129162847996,0.22937914878129959,1.2176007211208344,0.7309992396272719,1.3801707029342651,0.3685650255531073,-0.2361063688993454,-0.6319169580936432,0.25136118941009045,0.1986795298755169,-0.22167004644870758,-0.35671611353754995,0.6044088333845139,0.43919567093253137
1.5246777415275574,1.0750063598155974,1.5117766499519347,1.075469544529915,1.1057918846607209,1.3233535692095757,0.9311067581176757,1.6100841641426087,1.158593761920929,0.7734255001880228,1.1254791811108589,1.0922711431980132,0.40277843959629533,1.526193416118622,1.640172725915909,0.6572166889905929,1.864238154888153,1.432945054769516,0.9525626644492149,0.8876964256167412,0.4622739717597142,0.7464186504483223,1.061557361111045,1.1172069966793061,0.31832874566316605,-0.08213917165994644,0.5254261091351509,0.4240494392812252,0.40473059490323066,0.5238092929124832,0.6535950208082795,1.225612360239029,1.5098726376891136,0.24773877933621408,-0.613630486279726,0.13822033479809762,1.2529978945851326,0.8850961729884148,0.37990067303180697,0.5061553919687867,0.66381334066391,0.8670902967453002,0.0393710576929152,-0.26219973899424076,-0.012078558187931776,0.3011094957590103,-0.05186333428137004,0.19329184889793397,0.23961576148867608,0.4579799763858318,0.018448281288146972,0.002471506968140602,0.07281509339809418,0.14640409909188748,-0.015751611004816368,0.2094678394496441,0.43654865950811655,1.1734933853149414,0.11158624179661274,0.9395428478717804,0.6523556411266327,0.2615806132555008,0.7345724880695343,0.7098597347736358,0.28911316860467196,0.7396262183785438,0.966469919681549,0.43146637426689266,1.4806865453720093,1.3671177625656128,1.0290039658546448,1.3877290606498718,1.056345608830452,0.8180417984724044,0.6593542112968862,0.2939706116914749,1.0228979647159577,0.6810097724199295,0.7115782972425222,0.8584530234336853,0.46777813099324705,0.4621155373752117,0.6352563515305519,0.37760096341371535,0.5827155411243439,1.7476861000061035,0.9878377184271813,0.7010292099788785,0.5263454498723149,1.5150026082992554,1.000774373114109,0.9224983811378479,0.8143282100558281,0.8612001940608025,0.829557662922889,1.2974752604961395,0.6670418739318847,-0.27718744799494743,0.09984556855633855,0.24307622201740742,-0.08401102796196938,-0.388562773168087,0.03613237291574478,0.2750786438584328,0.597078574448824,0.5325133441016078,-0.9185294583439827,-0.22954614665359258,-0.3121183454990387,0.1840536318719387,0.11666605174541474,0.17389266891404986,0.7313130795955658,-0.25912992567755283,0.39931512330658736,0.48485478684306144,0.35408344566822053,-0.26137920916080476,-0.3180916953831911,-0.14247240126132965,-0.2000954631716013,0.4670024812221527,1.0869305670261382,0.7805761814117431,0.47024646773934364,0.6467182844877243,0.7519206441938877,1.0026328831911087,0.8044450104236602,0.6996220570057631,1.162212011218071,1.4030295729637146,0.9668555486947298,-0.17602393329143523,0.3417357909725979,1.0854161441326142,0.25832711681723597,0.8494132552295923,0.6377271130681038,1.326393961906433,1.0607193470001222,0.1093930184841156,-0.21751081459224225,0.6084760760888457,0.7117184127680958,-0.364859751611948,-0.5858374416828156,0.8339743599295616,0.6610245071351528,0.0595674280077219,-0.012446198612451553,0.7140658050775528,1.2840612433850764,1.0991622060537338,1.520914913713932,1.5137604132294655,1.4718737974762917,1.296470384672284,1.168777050077915,0.5511902734637261,0.22962748408317565,-0.3184547133743763,0.1605904871597886,0.14386996477842331,0.3038202963769436,0.2435503389686346,0.6037731692194939,-0.20266977027058602,-0.25412079244852065,1.097905844449997,0.04597292058169842,0.734979965724051,-0.23200523108243942,-0.3321734324097633,0.8455566495656968,0.5362233579158783,-0.6658374231308699,0.7037996992468833,0.8761126518249511,0.3522018797695637,0.29988684467971327,0.7133321657776832,0.7725569745525718,0.19632022446021438,1.351575392484665,0.626277020573616,0.2583893030881882,0.3823735971003771,1.01784380748868,0.5622778031975031,-0.1688911184668541,0.25869557708501817,-0.29534623473882676,-0.4061357624828815,-0.27468711799010637,-0.2416628748178482,-0.43250784948468207,-0.3574903603643179,0.4546259008347988,0.17516274899244308,1.668757164478302,0.8291934981942177,1.4282007056288422,1.6261295437812806,1.1064008116722106,1.1886038422584533,0.81811947748065,1.6853532195091248,1.896009373664856,1.1556749284267425,1.0016822665929794,1.1349556565284729,1.309061199426651,0.8007774792611599,1.5771166861057282,1.8134098887443542,0.951310233771801,1.3019005596637725,0.7057925879955291,0.506028774753213,0.9775497257709503,0.8322768397629261,0.8071212833747268,-0.3635923951864243,-0.4005774240940809,0.4357719749212265,0.41537742651999,0.2815399497747421,0.8168687216937542,0.7831930899061262,1.825540268421173,1.9701644361019135,1.794457545876503,0.5466662459075451,-0.2645138055086136,0.153446576744318,1.6718025088310242,1.9853641033172607,0.15740474462509155,0.181156874448061,0.32819128409028053,1.257393154501915,0.13712169043719769,1.589676457643509,0.8396785341203212,0.5209574613720178,0.38486420512199404,0.30126381842419503,0.23430022448301316,-0.19046260714530944,0.5599773675203323,1.3550985336303711,-0.578915148973465,0.26455105245113375,-0.4677351854741573,0.53338982462883,-0.08701532557606698,0.6597341045737266,-0.6122748717665673,0.21919383434578776,1.01718909740448,0.48257405757904054,0.21832769960165024,0.40954179167747495,0.7519072100520134,0.4872365102171898,0.6291080921888351,1.3561580777168274,1.0987138330936432,0.9030682951211929,1.8592785716056823,0.9180847339332103,1.3302509278059005,0.5612366408109665,0.9253003314137459,0.15898178238421679,1.0668244302272796,0.01963324397802353,-0.27661033272743224,0.825639396905899,0.6074984312057495,0.6943336635828018,-0.29712696745991707,0.8929568229941651,0.6443105138838291,0.05345109552145004,0.4229193417355418,0.3766156733036041,0.9591252714395523,1.8639970898628235,0.26283561810851097,0.49312460646033285,1.72601078748703,1.681255704164505,1.8335324883461,1.8128048419952392,1.2247477740049362,1.4613004684448243,1.3698513090610505,1.4783573508262635,2.043259346485138,0.277027727663517,0.08008700497448444,0.32006089612841604,-0.016348497569561006,0.3576781153678894,-0.5293922986835241,0.862853792309761,1.169183796644211,0.9669967323541642,-0.18734391387552024,0.05403823368251324,-0.41576512628234924,1.5209434628486633,0.361891015060246,-0.1665318340063095,1.0192902714014054,-0.27215989427641035,0.17291039675474168,0.9904505550861359,0.580760654900223,0.4103316057473421,0.18304741967003793,0.224965631775558,0.01698858952149749,0.7913425467908383,1.3893406212329864,0.778680058568716,0.4336169958114624,0.6786768421530723,0.4891796953976154,1.2276219010353089,1.367550015449524,0.706875529885292,0.14339520335197448,0.8287408977746964,0.5405471991747618,-0.5113621622323989,1.2934702426195144,0.5931144393980503,0.0594070166349411,0.10734664984047412,0.11849066019058227,0.7469117805361748,0.13762640431523324,1.2428633332252503,1.4902810037136078,1.301551342010498,1.188649967685342,1.6299422085285187,0.030914577841758727,1.3550119876861573,2.00117284655571,0.797211688477546,0.6686608880758286,0.3803849406540394,0.6306244907900691,-0.8507059425115585,-0.38182946741580964,-0.21417368575930595,1.281522163748741,1.3285035818815232,0.9625808998942376,1.0141429722309112,1.1152329802513123,-0.013861778378486633,1.409948107600212,0.47095347605645654,1.6862304210662842,1.5661165416240692,1.0690466582775116,1.2635678485035897,1.8168825268745423,1.8512714982032776,0.7240716710686683,0.5649596124887466,1.3594962000846862,1.5527449905872346,0.3974167346954346,0.025600844994187355,0.07189677357673645,0.36702838763594625,0.8548147112131119,-1.0144931368529797,1.1887854799628257,0.8423821546137333,1.2151958145201207,0.3146808803081512,1.2532987415790557,0.866549723688513,1.2507138848304749,0.4614178750663996,-0.11941051185131073,-0.46264319121837616,0.3089674811810255,0.3409664951264858,-0.12889272272586821,-0.4299020074307919,0.7850679188966752,0.5529662787914276
1.6114359021186828,1.2613515108823776,1.679601800441742,1.2479843348264694,1.4918161392211915,1.5846075057983398,1.0287124633789062,1.6511438369750977,1.4627299308776855,1.0302759380079807,1.4416475042700767,1.1371343553066253,0.5234423834830523,1.5399234175682068,1.7992793321609497,0.7945375889539719,1.8535492777824403,1.5893938362598419,1.1080983206629753,0.943372368812561,0.5609299361938611,0.8709984540939331,1.2661426663398743,1.300923976302147,0.520077945291996,0.17155704349279405,0.8506320074200631,0.8018468402326107,0.7449029333889484,0.7758371949195861,0.8988729322329163,1.154279214143753,1.3768811628222466,0.20867564901709557,-0.7041392274200916,0.15174880176782607,1.1374123409390449,0.8571809872984886,0.2690609831362963,0.40322991237044337,0.644373995065689,0.8753893911838532,-0.006490043457597494,-0.19905929006636142,0.03687498988583684,0.33161394000053407,-0.1254464007448405,0.13717925548553467,0.25697705075144767,0.36881949827075006,-0.16056205034255983,-0.05987266711890697,0.032165289670228955,0.23933254443109037,0.0985677879943978,0.07555287703871727,0.3686143669532612,1.0399077475070952,0.08063416369259357,0.8459314286708832,0.7037276685237884,0.2654750496149063,0.7402685284614563,0.7173523366451263,0.2892420278862119,0.7662754014134407,0.9209665894508362,0.5052551820874214,1.4726277053356172,1.432505238056183,1.084568727016449,1.3274705529212951,1.3842464506626129,0.750783559679985,0.8620660107582807,0.19586629197001457,0.9565028518438339,0.8329698488116264,0.6453493591398001,0.8027311444282532,0.6384194504469634,0.5247307695448399,0.7531327396631241,0.3702183082699776,0.5433732748031617,1.6821418166160584,1.1359535425901413,0.8388479964807629,0.6728320660069584,1.4598156452178954,1.0253479897975921,0.8525847733020783,0.6331677809357643,0.7612398371100426,0.6209648069925606,1.2570708215236663,0.6337239861488342,-0.3839287988841534,0.15699236737564207,0.20121160633862017,-0.07031774297356605,-0.5502509340643883,-0.15748498886823653,0.19641592353582382,0.4362546294927597,0.4892204074189067,-0.9373665153980255,-0.2792415773496032,-0.34521796787157655,0.13202247843146325,0.24790554046630858,0.21082432670518755,0.6281077623367309,-0.3663490578532219,0.27726439987309276,0.4481778360903263,0.22275290191173552,-0.24913908243179322,-0.26833927966654303,-0.08970414996147155,-0.04872344769537449,0.600568076968193,1.3023963183164597,0.629274046421051,0.37414623275399206,0.7377811044454574,1.052246955782175,0.8341949939727783,0.7870003819465637,0.8956816714257002,1.18346466422081,1.3498253345489502,1.0973787892609834,-0.15975315272808074,0.32952097535599023,1.1054027438163758,0.3185776464641094,1.0320834193378687,0.6407055929303169,1.4369446694850923,1.2510694146156311,0.04588979128748179,-0.2991414379328489,0.8216816788539291,0.8885027601383626,-0.2881887674331665,-0.5464295223355293,0.8361455827951432,0.529036746174097,0.03609208967536688,0.035647394508123396,0.6383205085992814,1.1912593744695186,0.9850646942853928,1.2881819888949395,1.3897320464253426,1.2779911920428275,1.0937013436108827,1.0114715591073036,0.48885380774736403,0.5509236037731171,-0.22838015034794806,0.06418288070708514,0.39370022267103194,0.4174581907689571,0.12225856445729733,0.6712193593382836,-0.15106003507971763,-0.30925748199224473,1.0119720458984376,0.17626239471137523,0.5588747235015035,-0.2583604373037815,-0.3922034576535225,0.7293326139450074,0.700976550579071,-0.653334404155612,0.5696955323219299,0.8092912882566452,0.4114569254219532,0.48701270036399363,0.7964019149541854,0.6752162447199226,0.3137966996990144,1.4333504140377045,0.7684173434972763,0.34981860816478727,0.24263871796429157,0.8129491215571761,0.7244373623281717,-0.005380482971668243,0.3950663283467293,-0.2434677228331566,-0.217700807005167,-0.1868925011716783,-0.12230155169963837,-0.3446470595896244,-0.44606272540986536,0.5927927158772945,0.3236522123217583,1.7913742899894713,1.0013481989502906,1.64152379212901,1.806649136543274,1.4145995080471039,1.5460564017295837,1.007815431803465,1.8267970323562621,1.8794265747070313,1.1781622111797332,1.3529628545045853,1.2595733016729356,1.371123880147934,0.9370854519307613,1.8079976737499237,1.8303969025611877,1.1179201208055018,1.4135893762111664,0.9144231081008911,0.6870910320430994,1.1667195498943328,1.0406892970204353,1.119046095572412,-0.13733941018581391,-0.23483471088111402,0.7490109413862228,0.6008372981101274,0.4420907646417618,1.005639673024416,1.0077021688222885,1.727980089187622,1.836190527677536,1.6464323371648788,0.3937236323952675,-0.274779848754406,0.15472435727715492,1.5626758337020874,1.829990452528,0.08773368149995804,0.10516817644238471,0.30531800761818884,1.1325495898723603,0.14826812259852887,1.4970423519611358,0.6052612014114856,0.42233972288668153,0.32086264789104463,0.18276987290009855,0.17053305506706237,-0.06604581773281097,0.45917428731918336,1.3204727292060852,-0.6125997580587864,0.21102412641048432,-0.5011982038617134,0.49801994264125826,-0.1259692408144474,0.5751693740487098,-0.6238386487588287,0.33941842084750534,1.0357343971729278,0.6262785091996192,0.2809774547815323,0.5312671408057212,0.8875809565186501,0.4256505325436592,0.6400637716054917,1.35335373878479,1.0788083851337433,0.9965011209249497,1.8981995463371277,1.0592205874621867,1.390901717543602,0.8725750833749771,1.1648492231965064,0.02580393124371767,1.2689775764942168,-0.10207760781049728,-0.43697328567504884,0.8762803077697754,0.5268089903518558,0.7848198384046554,-0.29927622303366663,0.7786269603995606,0.8630372129380703,-0.0925112321972847,0.5001879064366221,0.4187736690044403,0.8634360522031784,1.9267696619033814,0.3911159120500088,0.5718929938971996,1.626931095123291,1.6787595808506013,1.8232454299926757,1.7966775178909302,1.1487531155347823,1.4064165711402894,1.2252558827400208,1.3933767080307007,2.0130630850791933,0.2351621389389038,-4.9691647291183475e-06,0.1580206535756588,-0.21661030501127243,0.2658923178911209,-0.757971390709281,0.6878992456942796,1.0233808487653733,0.9509705513715744,-0.14393600579351187,-0.048391804471611975,-0.26266769343055785,1.3499486446380615,0.5295849012210965,-0.060499736666679384,0.8403364688158035,-0.3016960815526545,0.16167068034410476,0.938507467508316,0.4222891458310187,0.36611335426568986,0.12412188637536019,0.16906285267323257,0.0997044405899942,0.7197612125426531,1.281999796628952,0.8030216597020626,0.2504358023405075,0.7180621162056923,0.6606822274625301,1.2848114788532257,1.2798303842544556,1.0260885149240493,-0.0905874490737915,0.8681726545095444,0.6227998327463865,-0.3894043296575546,1.3618615388870239,0.5187840513885021,0.10895395576953888,0.10859975852072239,0.2572823762893677,0.7750468283891678,0.13255117014050483,1.2342227458953858,1.508928471803665,1.3704319179058075,1.3304507855325938,1.697712814807892,0.053140520304441455,1.451376473903656,2.1678390085697172,0.959324533957988,0.8869968622922897,0.5473052687942982,0.8504505543038249,-0.7283361703157425,-0.22607106864452362,-0.221216931194067,1.3074799180030823,1.4350032746791839,1.1274805441498756,1.0481722414493562,1.1189202785491943,0.23202176988124848,1.1965091526508331,0.3774782445281744,1.6601350426673889,1.4206070125102996,1.0631991088390351,1.2548112705349923,1.7687590956687926,1.5934026658535003,0.6146263465285301,0.41232733726501464,1.3063565373420716,1.3801408171653748,0.33890336453914643,0.020783089846372605,-0.0062715929001569744,0.27281912639737127,0.9040600687265397,-1.1297947838902473,1.0359215214848518,0.815525034815073,1.0981211431324482,0.4339466795325279,1.2223596632480622,1.0029731632210315,1.178680843114853,0.5970694605261088,0.011893656849861146,-0.29539659023284914,0.41182237640023234,0.46371054276824,0.05487126410007477,-0.44444478303194046,1.1432555466890335,0.7576830387115479
1.6738511800765992,1.338433650135994,1.7170835733413696,1.3619023144245148,1.711978755891323,1.750464713573456,0.9957942306995392,1.6544636607170105,1.751611451804638,1.107737894449383,1.6230268731713295,1.1129297256469726,0.7259024299681187,1.5171673119068145,1.9038617730140686,0.843218595534563,1.748733925819397,1.7194299697875977,1.2239516928792,0.9487180769443512,0.5664132278645411,1.0654146730899812,1.3639573216438294,1.4138977527618408,0.590644684433937,0.3894320711493492,1.124947340786457,1.0990231178700924,1.0060696609318256,0.962529581785202,1.0444848412647842,1.0759402930736541,1.3074494168162345,0.19435609206557275,-0.7774916246533394,0.20746733099222184,0.9927344545722008,0.8358608826994895,0.19310520999133587,0.3002664424479008,0.5381087154150009,0.7355999812483788,-0.1296770236454904,-0.24085348285734653,0.014637042302638292,0.32368641570210455,-0.22832323084585368,0.06212839484214783,0.2345150403678417,0.18995385095477105,-0.30568931698799134,-0.12304336167871952,-0.02107400968670845,0.24052100144326688,0.18683605312253349,-0.1085292436182499,0.30498160116840156,0.8912881702184677,-0.0023500483483076097,0.7395472794771194,0.6728973735123873,0.2834369897842407,0.7622357606887817,0.6511541575193405,0.20650319922715427,0.7741502359509468,0.8415783613920211,0.5388655945658684,1.3723177194595337,1.4922630667686463,1.103040450811386,1.201384860277176,1.5735373020172119,0.6285627827048301,0.9064370065927505,0.07341057583689689,0.8444930970668793,0.857836676761508,0.5109579917043447,0.6964843832654879,0.7222916543483734,0.5419040866196155,0.8312914967536926,0.3693228468298912,0.539645504951477,1.5202416390180589,1.1480814650654794,0.8473808208480478,0.7485976101830601,1.2622679352760315,0.9606156051158905,0.7112418949604035,0.3904800429940224,0.6345932230353355,0.3730445978231728,1.1497832611203194,0.7363116577267647,-0.4152884252369404,0.13480994598940016,0.11182635612785816,-0.18632832244038583,-0.667725171148777,-0.3651546522974968,0.10510406941175461,0.16926636397838593,0.4247764164581895,-1.0084946304559708,-0.31025739666074514,-0.3982858815230429,-0.013612831383943558,0.3064763095695525,0.26857786579057574,0.4837468519806862,-0.4264258578419685,0.27817705725319686,0.43073407784104345,0.18071828931570053,-0.19481102824211122,-0.1796748388558626,-0.07388454526662827,-0.09969176240265369,0.5926079124212265,1.230311504006386,0.5853150755167007,0.39256975427269936,1.0142576545476913,1.2420859254896641,0.6614380329847336,0.7751452147960662,0.9865968566387892,1.1070108443498612,1.2257713109254837,1.2379342138767242,-0.11126404665410519,0.26317253888119013,1.0199629597365856,0.28152996599674224,1.077114573121071,0.5304502353072167,1.414771205186844,1.314653630554676,0.03770233038812876,-0.4248899709433317,0.9765369897708297,0.956957595795393,-0.20815435647964478,-0.5370081596076488,0.719062528014183,0.32450923696160316,0.026233908347785474,0.025854262709617614,0.5844289809465408,1.0412571452558042,0.8453752517700195,1.0179920732975005,1.235495312511921,1.1066566213965416,0.9524448830634356,0.7913047036156058,0.43210599571466446,0.8519764959812164,-0.12134678140282631,-0.05679069440811872,0.5801319107413292,0.492938955873251,-0.0001934770494699478,0.83508390635252,-0.14577798992395402,-0.4054203718900681,0.9159109562635421,0.19022083692252637,0.3727267922833562,-0.34330467507243156,-0.4573974609375,0.5505137532949448,0.7343679964542389,-0.8085383672267199,0.38527306020259855,0.6918347463011741,0.4491675365716219,0.5755114417523146,0.8269917905330658,0.5623174419626593,0.3834667838178575,1.4411950588226319,0.8668215036392212,0.4125687152147293,-0.014566535875201226,0.5374345218762755,0.8356107834726572,0.1879838928580284,0.5637744918465615,-0.05507237166166305,-0.010940638929605484,-0.059101615007966755,0.086377814412117,-0.22497045174241065,-0.46295320354402064,0.7067956440150738,0.43416757732629774,1.809553050994873,1.0840263403952122,1.7596384513191878,1.8249573469161988,1.6376315891742705,1.7586057037115097,1.1499650597572326,1.8481436491012573,1.741912031173706,1.0928788125514983,1.5791892021894456,1.287032501399517,1.306290340423584,0.9585890971124172,2.008898454904556,1.7895008444786071,1.0395501755177974,1.4488800883293151,1.0381105601787568,0.7987683925777673,1.2964025795459748,1.1242632180452348,1.3399906760081648,0.06539175808429717,-0.1438393544405699,1.0180270344018936,0.7783392805606126,0.5230275228619575,1.1343889236450195,1.119757843017578,1.5980350613594054,1.6929817616939544,1.5651570171117783,0.335155089199543,-0.22547176629304885,0.16139106824994087,1.4818968534469605,1.6746030390262603,0.07991891950368882,0.12223543301224708,0.33003257885575293,1.0258056968450546,0.06424602009356022,1.371501487493515,0.2885059304535389,0.2636812452226877,0.1990639716386795,0.031403233762830496,0.07244297564029693,-0.08176564276218415,0.32900058217346667,1.199194425344467,-0.5862627416849137,0.08661366403102874,-0.5324078634381294,0.41312926411628725,-0.13969684317708014,0.5478697016835212,-0.6102464666590095,0.3521501287817955,1.0145821452140809,0.756200586259365,0.3334570437669754,0.5373651549220085,0.9500070706009864,0.3611831501126289,0.664643469452858,1.3409605741500854,1.0577202796936036,1.0709528386592866,1.8641664743423463,1.0818546533584594,1.3793417185544967,1.1373801738023759,1.2387169480323792,-0.12742431592196227,1.4114679038524627,-0.3239454016089439,-0.5620411455631256,0.8014651514589787,0.35874975156039,0.7807347625494003,-0.33599322885274885,0.6279587334720418,0.9987804405391216,-0.22122814804315566,0.5554858533665538,0.46515637934207915,0.8004015952348709,1.8947191059589386,0.40663712881505487,0.6292612381279469,1.4317490004003048,1.63249032497406,1.81415194272995,1.7040900349617005,1.0118524223566054,1.2596312880516052,1.0533112570643426,1.2534817159175873,1.8803069710731506,0.11369940117001534,-0.1384481590241194,0.06014703139662743,-0.26445492953062055,0.15457946956157684,-0.8601549204438925,0.5551879238337278,0.8691924750804901,0.869613316655159,-0.22237115856260062,-0.1630523417145014,-0.10260164313949645,1.114709696173668,0.6057962717488408,0.022846004366874693,0.6769332677125931,-0.3363754407502711,0.13932577520608902,0.8402120500802994,0.26319648111239075,0.22240178734064103,0.05669401276390999,0.17126485984772444,-0.10158980041742324,0.5669932205229997,1.1674958169460297,0.6592472575604915,0.18019603788852692,0.5063637688755989,0.858873751014471,1.2576388359069823,1.1830144584178925,1.1955797404050827,-0.33969846963882444,0.8408839106559753,0.6265123553574086,-0.3763857692480087,1.3525018990039825,0.24448729082942008,0.07981429398059844,0.03269507922232151,0.2868358545005322,0.7367791265249253,0.024702251702547074,1.1689633965492248,1.413968575373292,1.3940586984157561,1.3816193222999573,1.6828882217407226,0.05989433452486992,1.3955998092889785,2.220631492137909,1.0720370602793992,0.9234026834368706,0.6218999348580837,0.919983277283609,-0.521899639442563,-0.12056526765227318,-0.3327517621219158,1.1994722187519073,1.4284364044666291,1.2914108395576478,0.9798119217157364,1.010129138827324,0.41024703085422515,0.929079369828105,0.1823150184005499,1.5965205907821656,1.3449185073375702,1.0326367974281312,1.3394338682293891,1.6082532227039337,1.3678147792816162,0.5111644700169563,0.23763332962989808,1.1366404682397842,1.1538220182061196,0.1645167887210846,-0.0017544258385896682,-0.12910849563777446,0.13964515253901483,0.9115102678537369,-1.3978489473462106,0.8858194097876548,0.771573755890131,0.8730209536850453,0.48693034797906876,1.1619359970092773,1.0788655654527246,1.0217910215258599,0.6436232011765242,0.25516782104969027,-0.11205102801322937,0.49315095543861387,0.5689536862075328,0.21970246136188507,-0.3515201315283775,1.2271471202373505,0.8903604120016098
1.5900899797677994,1.2846485406160355,1.7761462688446046,1.3292668104171752,1.807928991317749,1.817537748813629,0.9634901419281959,1.566149228811264,2.0282135784626005,1.0413747072219848,1.7131699442863464,1.0430654525756835,0.8020135961472988,1.3913237273693084,1.9787430882453918,0.7495661415159702,1.6182499885559083,1.784006702899933,1.3178139090538026,0.9253287553787232,0.48018462685868146,0.997606560587883,1.3449346870183945,1.4892804741859436,0.618174072355032,0.483510285243392,1.2790904477238656,1.292855491489172,1.1273758299648762,1.0047105833888055,1.059863492846489,0.9255083799362183,1.1349328711628914,-0.013636211305856705,-0.7904708966612816,0.23103449642658233,0.8329468980431557,0.6434172533452511,0.031974683329463,0.13524268940091133,0.40120179057121275,0.5994341872632504,-0.28817136203870175,-0.3261296920478344,-0.11434243498370052,0.21043969169259072,-0.3638652719091624,-0.14234837889671326,0.04327994510531426,0.01373424455523491,-0.4740512788295746,-0.2145791992545128,-0.12981020882725716,0.1819173976778984,0.09450208228081465,-0.3267524816095829,0.13622103326488286,0.6748207211494446,-0.1323473434895277,0.6122817841125652,0.623540696874261,0.3152777388691902,0.7722564339637756,0.5979530319571496,0.16234101671725512,0.725416474044323,0.7665953606367111,0.5305704429745675,1.3265852451324462,1.446794903278351,0.9982404425740242,1.0346564963459968,1.5912488400936127,0.4338901326060295,0.8160850673913955,-0.14959854558110236,0.6355575919151306,0.7598693799227476,0.3259262140840292,0.5273507737321779,0.66429962515831,0.4494436264038086,0.8295380294322967,0.29458414763212204,0.5052170783281327,1.267996932566166,1.013939668238163,0.7515603164210916,0.7734994813799858,1.013522493839264,0.8184502422809601,0.5947193562984466,0.17746498733758925,0.4430903598666191,0.16932200761511923,0.9800504431128502,0.631827063113451,-0.4268471412360668,0.039046571124345064,0.11628490934381261,-0.2876115538179874,-0.6371496498584748,-0.5464723214507103,-0.012913455069065095,-0.06852124035358428,0.2881312543526292,-1.0475975543260574,-0.3835357820615172,-0.41487497771158816,-0.1577359177172184,0.3449039411265403,0.26304585887119175,0.3338797762989998,-0.5893798366189003,0.24843372558243573,0.3153081782162189,0.04466177374124527,-0.23333779573440552,-0.18997815102338791,-0.13523540049791336,-0.00031785108149051666,0.6172401815652847,1.2135989576578141,0.4196687892079353,0.26512095555663107,1.0071905225515365,1.2983082056045532,0.4475153714418411,0.6455384284257889,1.0101458489894868,0.9650298446416855,0.9567963391542434,1.2379755318164825,-0.1260167073458433,0.1442887055920437,0.8796715870499611,0.27830343395471574,1.1301527053117753,0.3669296607375145,1.2679027229547501,1.2792706415057182,-0.01470091324299574,-0.5923841428011656,1.0537240236997605,0.9353633105754853,-0.2556161567568779,-0.42038016989827154,0.5231701225042343,0.09989092722535134,0.022087123803794385,0.029154771566390993,0.45241386368870734,0.8658451192080975,0.6581383645534515,0.6671480387449265,1.025656308233738,0.930673985183239,0.6885506201535463,0.5576400777325035,0.3116557002067566,1.0536378383636475,-0.04251158609986305,-0.201819440536201,0.7356374427676201,0.49681291030719876,-0.14962789453566075,0.8186848983168602,-0.11489546075463294,-0.335699862241745,0.6973799675703048,0.18673716457560657,0.09883785862475633,-0.36785097848623993,-0.4384091138839722,0.3243005245923996,0.8005152463912963,-0.8631812259554863,0.18045487701892854,0.5696486905217171,0.4494729209691286,0.6164892751723527,0.7798735527321696,0.34144239630550144,0.4432562812231481,1.3260350901633502,0.9204523056745529,0.42845420353114605,-0.2005528848618269,0.28978923317044974,0.8514081552624703,0.33896928280591965,0.6657336972653866,-0.010923255980014802,0.19199159368872643,0.09552089804783463,0.2044382780790329,-0.08477220907807351,-0.4956277620047331,0.7868244737386704,0.4977163843810558,1.790645706653595,1.1448343455791474,1.7913381814956666,1.8039678394794465,1.712208443880081,1.8762758433818818,1.2365582764148713,1.8711534500122071,1.562265294790268,0.9957896202802659,1.693756902217865,1.2963566415011882,1.1875256836414336,0.9471201999112964,2.1427520751953124,1.7298380970954894,1.0890188246965409,1.4226691246032714,1.0800608336925506,0.7921148344874382,1.3635705053806304,1.1430425882339477,1.4525805473327638,0.2424490511417389,-0.07690506093204022,1.152342364192009,0.8809802088886499,0.5564036533236504,1.1626122832298278,1.1601793229579926,1.4641753554344177,1.564285808801651,1.404905268549919,0.33255959302186966,-0.24758285842835903,0.1147095687687397,1.3872056365013123,1.5576402604579926,0.00653732568025589,0.14234736934304237,0.28554538562893866,0.8151041148230433,-0.00086485855281353,1.2532513380050658,-0.05762832686305046,0.118053013458848,0.10493021607398986,-0.09000185513868927,-0.0052514210343360904,-0.07938210889697075,0.18886839933693408,1.0347096115350722,-0.5539829432964325,0.004520581662654876,-0.6222710162401199,0.29625263810157776,-0.17860823050141333,0.45717429369688034,-0.6668248942121864,0.2924892075359821,0.9630904607474804,0.7898863360285759,0.34524314999580386,0.5622873768210411,0.9633909061551094,0.34171586483716965,0.6408715039491654,1.2847992777824402,1.0155982673168182,1.1345588922500611,1.7089706897735595,1.0073640644550323,1.3457690864801406,1.3121517807245255,1.2871220797300338,-0.2787065846845508,1.4543803751468658,-0.5035546943545341,-0.7038413941860199,0.6544656850397587,0.16975776981562377,0.7230168297886849,-0.3544354379177094,0.42379243436735126,1.0543961077928543,-0.4310647502541542,0.5426910473033786,0.4206007272005081,0.6516565442085266,1.758383908867836,0.41365696452558043,0.6782636113464833,1.169527354091406,1.5795568943023681,1.786871999502182,1.6030085861682892,0.9222254127264022,1.1513692617416382,0.9139893248677253,1.0995211243629455,1.6731883421540261,-0.05132404193282127,-0.18266775123775006,0.016389431804418562,-0.2254343569278717,-0.017551782727241515,-0.8293885588645935,0.43484937138855456,0.6825148284435272,0.7255711354315281,-0.3050558177754283,-0.1901600632816553,-0.010036741429939867,0.8161485522985459,0.5786806646734476,0.07571671605110168,0.4912863358855247,-0.3157964185811579,0.17851077616214753,0.7550520355347544,0.08300657356157899,0.08883059173822402,0.03461696493905038,0.09594311993569135,-0.24957463294267654,0.44542824663221836,0.9276808381080628,0.589255178719759,0.15880965292453766,0.4515650764107704,0.820700716227293,1.228485569357872,1.0402687534689903,1.2807452410459519,-0.4995231568813324,0.7669686734676361,0.6208549626171589,-0.3935746759176254,1.2934164524078369,-0.019655109196901322,0.017231662571430207,-0.027883082255721094,0.3332147993147373,0.6919259630143643,-0.0035934444516897202,1.0865704029798509,1.1781306240707636,1.3371790826320649,1.3432573452591896,1.51941377222538,0.03831245973706245,1.2726947039365768,2.1400564908981323,1.1090746042318642,0.9911414161324501,0.6288566209375859,0.9340126946568489,-0.4017223257571459,-0.1067266158759594,-0.3822685077786446,0.994367802143097,1.3663816913962363,1.4051335155963898,0.9221929758787155,0.8618935406208038,0.5575738072395324,0.7219298642128706,0.13754320703446865,1.4444875121116638,1.2507965385913848,0.9750580787658691,1.2713846191763878,1.429052147269249,1.122599297761917,0.3914687536656857,0.05050087869167328,0.9628602981567382,0.929256708920002,0.20216508209705353,-0.02814135067164898,-0.20020349733531476,0.05955243483185768,0.848249152302742,-1.4828898370265962,0.6761676833033562,0.738606546074152,0.6042246349155903,0.550677253305912,1.0885484874248506,1.1174120557494462,0.8597318604588509,0.8039462845772505,0.4203614145517349,0.1270344376564026,0.561495678126812,0.6831401400268078,0.376713290810585,-0.3726457104086876,1.3385562241077422,0.9120270669460296
1.5343744903802872,1.2313309252262115,1.7151856303215027,1.2271468460559845,1.7326592326164245,1.774549126625061,0.8628392562270164,1.4676593244075775,2.179131495952606,0.8698071718215943,1.7071219980716705,1.020483374595642,0.6358514808118343,1.360728669166565,2.040352928638458,0.5717855490744114,1.404336653649807,1.787682342529297,1.4187074720859527,0.8233589839190245,0.31602377323433756,0.8869266659021378,1.3190737575292588,1.4934262037277222,0.5489014096558094,0.4386342015117407,1.2661129966378213,1.340290928632021,1.116167073044926,0.9334221996366978,1.027311075059697,0.8525478720664978,0.9293181419372558,-0.14218672290444373,-0.6865358697250485,0.06457796394824981,0.6101836040616035,0.3083935402333736,-0.03643365241587162,-0.010043203085660934,0.1806286633014679,0.3879669032990932,-0.45262649273499844,-0.42706822529435157,-0.24349871454760433,0.08855464532971383,-0.48410113523714243,-0.2314312517642975,-0.12379811480641364,-0.11842235699295997,-0.6678840547800065,-0.2661552593111992,-0.14519377574324607,0.04190482944250107,-0.020211503095924854,-0.5491462863981724,0.010972237517125904,0.4448253005743027,-0.16930174231529235,0.47215912758838385,0.45523504354059696,0.26645928621292114,0.7092720333486795,0.48428974896669386,0.06438516099005938,0.5935429248958826,0.6422054804861546,0.5194376140832901,1.2365983963012694,1.3505094587802886,0.8945864766836167,0.7929623171687126,1.3294164180755614,0.22022587507963182,0.6627518266439438,-0.1913851283490658,0.573105251789093,0.5830833870917559,0.15508556924760342,0.3072590076131746,0.550850248336792,0.3048721432685852,0.7808119013905526,0.18544882982969285,0.4605043053627014,1.0164194002747535,0.8924387350678444,0.6296956757083535,0.6973398789763451,0.7839381337165833,0.6520387053489685,0.3983836114406586,-0.07895966619253159,0.23377997130155564,-0.05281674293801188,0.7742105439305306,0.43767201378941534,-0.45025448128581047,-0.07599409176036716,0.21068394953617825,-0.2979828990995884,-0.5626816853880883,-0.6510943010449409,-0.16325889378786088,-0.3086292058229446,0.22156126741319895,-1.1077850431203842,-0.4253411522135139,-0.5054113932885229,-0.32507965341210365,0.19712943551130593,0.14178050411865115,0.12390179783105851,-0.6561901077628136,0.22367683206684888,0.28924614787101743,-0.027329371869564058,-0.21594476103782653,-0.08789060190320015,-0.10140950530767441,-0.07279069162905216,0.5348571535199881,1.1745906203985215,0.40156285688281057,0.2859020702540874,0.9213872898370028,1.2671845123171805,0.2664215236902237,0.5036284357309342,0.9704609833657741,0.7874124675989151,0.7107655614614486,1.24265918135643,-0.06423868350684643,0.056196607952006164,0.6636556401848793,0.19726776629686354,1.0452570274472237,0.20133864730596543,1.0472311943769455,1.1761127978563308,-0.07729982417076826,-0.6681464802473783,1.0382863283157349,0.8384983122348786,-0.24433959275484085,-0.47863257229328154,0.30384540259838105,-0.1068717859685421,0.17818646114319564,0.10479728877544403,0.34905031248927115,0.6502418898046016,0.44947452247142794,0.38830548226833345,0.7604438535869121,0.7347920887172222,0.48336418010294435,0.30079747047275307,0.18160348534584045,1.1219984233379363,-0.06420804783701897,-0.380196544341743,0.8323154836893082,0.45077711539343,-0.22521524615585803,0.8586751371622086,-0.11949129477143287,-0.2859961524605751,0.5796435594558715,0.2019052085466683,-0.09434447865933179,-0.3772967828437686,-0.39293497130274774,0.11923526227474213,0.7758463338017464,-0.9257291004061698,0.02426725924015045,0.4611725345253944,0.4586847543716431,0.5984741851687432,0.7026772199198603,0.17867340054363012,0.47154344609007237,1.1682969335466624,0.9515407785773278,0.48464075438678267,-0.4111633937805891,0.004824242554605007,0.7700108788907528,0.41271759420633314,0.6498270623385907,0.13968967646360397,0.2564663790166378,0.18184757167473437,0.29814781844615934,-0.057931633293628694,-0.4754485793411732,0.7761486530303955,0.4830960864201188,1.7126006603240966,1.0947779282927512,1.650170837342739,1.6382981061935424,1.5674795910716057,1.8205699354410172,1.188507504761219,1.8847934007644653,1.3621100306510925,0.9410850375890731,1.5635989420115948,0.9465255729854107,1.15283505320549,0.8060316784307361,2.2187380313873293,1.559929358959198,0.8808161169290543,1.3347694158554078,0.9460080564022064,0.6308459803462029,1.4569806277751922,1.0258784309029578,1.4919463038444518,0.31250142157077787,-0.10506423898041248,1.151003447175026,0.8392202589660883,0.46019646227359773,1.1428551852703095,1.1009653769433498,1.3175386011600494,1.3775556147098542,1.1792923226952552,0.2612845733761787,-0.24524762891232968,-0.05886413380503654,1.176795357838273,1.3679846942424774,-0.13626327365636826,-0.04654780849814415,0.1014743573963642,0.5844001827761531,-0.1864940535277128,1.077651670575142,-0.28845342323184014,-0.03509390316903591,0.060221830010414125,-0.17269187802448868,-0.03174280896782875,-0.081836649030447,0.0312768954783678,0.7877144306898117,-0.5329340517520904,-0.1786235347390175,-0.6483725100755692,0.1740622639656067,-0.1881938673555851,0.37981613725423813,-0.679141609929502,0.13996957018971443,0.8262652151286602,0.6336632594466209,0.20748675167560576,0.3968841001391411,0.7761313959956169,0.23582485169172288,0.5513326697051525,1.1751312404870986,0.8959319114685058,1.0784479200839996,1.5859277069568634,0.8816388323903084,1.20483937561512,1.3815253674983978,1.1705585926771165,-0.3596812389791012,1.4903943717479706,-0.6255250915884971,-0.7550436526536941,0.47304660454392433,-0.030508496053516864,0.6360691905021667,-0.4871431469917297,0.2485562479821965,1.0446433305740357,-0.6201235964894295,0.43578261863440276,0.3657105877995491,0.4917572658509016,1.56993587911129,0.3858833100646734,0.6196885734796524,0.8450203560292721,1.3916785329580308,1.682417094707489,1.4511969476938247,0.7181238651275634,0.9148745715618134,0.7788028821349144,0.9379308089613915,1.4702059485018253,-0.09256139770150185,-0.2168473493307829,0.008716513961553573,-0.2979577392339706,-0.1623145580291748,-0.7959351718425751,0.3029669154435396,0.4568929553031921,0.5839563585817814,-0.4237925624474883,-0.28750529028475286,-0.01456658118404448,0.5223287135362625,0.4339722517877817,-0.05359288156032562,0.30284272879362106,-0.365261806640774,0.2577515333890915,0.689786926889792,-0.01468333527445793,-0.010127976536750793,0.045032644155435265,0.10984417297877372,-0.3002630278468132,0.3437580976635218,0.8082648932933807,0.5844443209469319,0.2864678010344505,0.5715446457266807,0.7131004802882671,1.1485489223152399,0.9052568100392818,1.2554674608632923,-0.566708916425705,0.6537889957427978,0.5327113784849644,-0.3258777068927884,1.274552935361862,-0.23772195652127265,0.023607797920703888,-0.03142036162316799,0.3395716078579426,0.6518864683806896,-0.07258176617324352,0.9463053300976754,0.933721861615777,1.3181243240833282,1.2465531781315804,1.3231394231319427,-0.01896282210946083,1.1221884697675706,2.0150638103485106,1.1789873343892396,0.9971961811184883,0.5925333697348834,0.8938960433006287,-0.188232334330678,-0.1421641819179058,-0.38569474369287493,0.7744214177131653,1.2019555792212486,1.4024682611227035,0.7869729191064835,0.6337442040443421,0.6326611666474491,0.49081246070563794,0.08801330886781215,1.1947871953248979,1.0931206300854683,0.8882313653826713,1.1169162660837173,1.2099644485861063,0.818175607919693,0.3409263588488102,-0.04520403146743775,0.8006896674633026,0.6841233685612679,0.2645271187648177,-0.006207698211073876,-0.14900646656751632,0.0007655531167984009,0.8442909002304078,-1.4428334057331085,0.5215688243508338,0.7520112574100495,0.40824962332844733,0.575638678483665,1.0150085985660553,1.1569156348705292,0.647726233303547,0.8926873777061701,0.4409993916749954,0.2254290133714676,0.6150546923279763,0.6876462869346142,0.4979836046695709,-0.35558467358350754,1.3071913868188858,0.7860070139169693
1.385990034043789,1.0782238781452178,1.60033817589283,1.084007692337036,1.762196910381317,1.7046021819114685,0.6672867283225059,1.2834321692585946,2.256606090068817,0.7309927344322205,1.6857348084449768,0.9653931677341461,0.4795925974845886,1.2561279296875,2.034423828125,0.41646998897194865,1.2188575647771358,1.7777503967285155,1.4501732230186462,0.7656723152846098,0.22210709331557155,0.721178662776947,1.2515336751937867,1.4755330324172973,0.5270629972219467,0.4268679913133383,1.272574958205223,1.3633245959877969,1.0683850155211985,0.8965391688048839,0.9951459247153253,0.6723474234342575,0.6743995308876037,-0.26505558267235757,-0.6258837984874844,-0.09793358594179154,0.4091942563652992,0.041714980453252795,-0.20581986643373967,-0.14822986647486686,-0.044140154123306276,0.20270667895674704,-0.533844857569784,-0.5382927544414997,-0.3500035613775253,-0.04219575449824333,-0.6093432322144509,-0.3078281104564667,-0.2753378339111805,-0.18756813779473305,-0.7674840837717056,-0.3214386150240898,-0.09104179963469505,-0.07372748553752899,-0.04616567213088274,-0.6635241985321045,-0.05654199607670307,0.23313224613666533,-0.17151635885238647,0.3256241422845051,0.3173617873340845,0.22911603301763533,0.5941686991602182,0.4081810399889946,-0.032133585028350356,0.4557721946388483,0.4995250977575779,0.4857955023646355,1.0792356695979834,1.2135972805321216,0.7214435487985611,0.6759111896157265,1.2403707310557366,0.004104678332805633,0.5269067078828812,-0.359807825833559,0.4138112485408783,0.4918382506817579,-0.03605278767645359,0.1451718234224245,0.4254532426595688,0.14684746861457826,0.689596600830555,0.016139908134937285,0.30584577918052674,0.7146836593747139,0.7532320611178875,0.4697073319926858,0.5798207566142082,0.5291205763816833,0.45499682128429414,0.2636311650276184,-0.2614652946591377,0.0026367589831352233,-0.2353835585527122,0.5986655637621879,0.07877265885472298,-0.5528534285724163,-0.2714156652800739,0.1368434059084393,-0.36900629103183746,-0.5566974684596062,-0.7600966989994049,-0.27196720987558365,-0.4477959305047989,0.07247486058622599,-1.1303618282079697,-0.4990201165899634,-0.7321658351458609,-0.3937510557472706,0.09147610780782997,0.04010083181783557,-0.0756110593676567,-0.674616514146328,0.1895727422554046,0.1655634105205536,-0.10279363244771958,-0.18490757495164872,-0.0008655406534671783,-0.12696608155965805,-0.07862629927694798,0.5476819600909948,1.095386627316475,0.31266201063990595,0.23905088901519775,0.853477205708623,1.2373768463730812,0.09064942300319671,0.3408950358629227,0.8725151803344489,0.6466079741716385,0.4578638643026352,1.1654670506715774,-0.06170416288077831,0.005525992368347943,0.5324785277247429,0.15045270919799805,0.9516383424401283,0.02671457976102829,0.8274583607912064,0.98971628844738,-0.18979570176452398,-0.7852848421782255,1.0158458359539508,0.7643403500318527,-0.3424496129155159,-0.4813808172941208,0.1409892112016678,-0.24405478164553643,0.17496205251663924,0.08685335293412208,0.16132551059126854,0.40047622546553613,0.2279900997877121,0.16219646036624907,0.4847281388938427,0.49392110034823417,0.3106926191598177,0.0976259371265769,0.11342677175998687,1.1412940442562103,-0.039435919374227524,-0.49990478083491324,0.8454450368881226,0.3509659280069172,-0.3185311432927847,0.834456491470337,-0.154617590457201,-0.2896441414952278,0.4254830300807953,0.21713110012933612,-0.33459841590374706,-0.3946046097204089,-0.37604965195059775,-0.05613511502742767,0.7744062140583992,-0.9813656136393547,-0.1563508540391922,0.3183480456471443,0.4049946293234825,0.5420231282711029,0.5621417699381709,0.02266304101794958,0.45555057218298317,1.0053252447396517,0.8622149549424648,0.4522298153489828,-0.5606834720820189,-0.20213949922472238,0.7190384199842811,0.4568505108356476,0.7174498960375786,0.19395212978124618,0.31009002700448035,0.2778134667314589,0.3145658642053604,-0.01914498433470726,-0.4679059870541096,0.7633706718683243,0.4537797117605805,1.6540723860263824,1.0157970651984214,1.512693603336811,1.553477331995964,1.4002511128783226,1.8236508220434189,1.1434880837798118,1.9093609690666198,1.1608590096235276,0.8715240865945816,1.4723895870149135,0.7684669725596904,1.1149184823036193,0.7880571303889156,2.2114951729774477,1.4176563531160356,0.6495117515325546,1.2556246221065521,0.8576958701014519,0.46581572145223615,1.4887402534484864,0.984288827329874,1.4814191341400147,0.3645912751555443,-0.0715564239770174,1.172166883945465,0.8094404175877571,0.433470655977726,1.118222838640213,1.0919591508805753,1.0618722498416902,1.122622387111187,0.8875859722495079,0.21233696416020392,-0.36941871903836726,-0.2091147355735302,0.9142798606306315,1.1506490364670754,-0.21602694243192672,-0.17829056903719903,0.03579784259200096,0.38039309363812207,-0.29965823218226434,0.8570894330739975,-0.45923016145825385,-0.20350761972367765,-0.005223807692527771,-0.24316727379336953,-0.0868464432656765,-0.09733681604266167,-0.12882753424346446,0.5425911217927932,-0.4750067114830017,-0.23056406527757645,-0.5953570514917373,0.06766626536846161,-0.1516704775393009,0.3052784204483032,-0.6318848302587867,0.1165874220430851,0.6931393496692181,0.6015440538525582,0.23376821726560593,0.3974207974970341,0.7072225540876389,0.14265217632055283,0.4632312022149563,1.0440651813521982,0.7626841276884079,0.997904296219349,1.4501794904470444,0.8585185125470162,1.1036874949932098,1.4042394816875459,1.0452367395162583,-0.4052682124078274,1.4698078095912934,-0.6990545079112053,-0.7460525661706925,0.3644637204706669,-0.1592995749786496,0.600698222219944,-0.5078349262475967,0.10233103993814438,1.0012157708406448,-0.6753907114267349,0.3759831994771957,0.28262102603912354,0.3851787786930799,1.368209420889616,0.3045299928635359,0.5679917067289353,0.581276174634695,1.2469132572412491,1.534664899110794,1.2970912516117097,0.5875626802444458,0.7393837690353393,0.6280122637748718,0.7675598934292793,1.205334047228098,-0.2681111253798008,-0.4302114646881819,-0.07070616856217385,-0.4452179357409477,-0.32140161395072936,-0.8457120478153228,0.11380873806774616,0.25338912606239317,0.4333516635000706,-0.5087154602631927,-0.36635500378906727,-0.0696900533977896,0.2948285073041916,0.38918179608881476,-0.11882700622081757,0.16358593553304673,-0.41963374176993967,0.2171352654695511,0.6493868539575487,-0.05787113895639777,-0.04159652963280678,0.014763616025447845,0.10709873833693564,-0.21040908843278885,0.3835514668375254,0.760602456331253,0.6705841824412346,0.4197393819689751,0.6439610451459885,0.578946553915739,1.014903861656785,0.7433380328118802,1.2029616315849125,-0.5824835896492004,0.5431115418672562,0.4257958419620991,-0.12405290771275759,1.2526078343391418,-0.4134166367352009,0.05161227434873581,-0.04248980842530727,0.351948888739571,0.5519016556441784,-0.14081370197236537,0.790473249554634,0.6383162770420313,1.2729877591133119,1.0397238269448281,1.048022636771202,-0.09194808080792427,0.9663443118333817,1.8636133015155791,1.1245343074202538,0.926173648238182,0.5813973363488912,0.8532509863376617,-0.1467028010636568,-0.1530004195868969,-0.44729117304086685,0.571860009431839,1.079119235277176,1.3861933648586273,0.6959035336971283,0.44698110818862913,0.663777886191383,0.4294792775064707,0.06812031622976064,0.941475011408329,0.8591723278164863,0.8597256854176522,0.9487898103892803,0.9912372168153525,0.5119434356689453,0.24419076442718507,-0.1486596554517746,0.6238627463579178,0.45508846193552016,0.27675216895295307,0.0017817024141550063,-0.13976515382528304,-0.1067918136715889,0.8081218868494033,-1.5284262359142304,0.33097433000802995,0.702066470682621,0.19446878507733345,0.5694400710985065,0.922699823603034,1.122170177847147,0.4596815600991249,0.9110497444868088,0.4357178121805191,0.3438699960708618,0.6526171319186688,0.7391978390514851,0.529672133922577,-0.4419783607125282,1.2663864284753799,0.7023553639650345
1.2757042989134788,0.953341675363481,1.5224749505519868,0.8220643281936646,1.676405282318592,1.6270746827125548,0.33115058988332746,1.12605100274086,2.2254406571388246,0.567181396484375,1.5801925525069236,0.9168290197849274,0.2364756464958191,1.1137251749634742,1.995776903629303,0.2599188186228275,1.043961437791586,1.7493056178092956,1.41837175488472,0.7164814826101065,0.18432022212073207,0.527761024236679,1.1845021188259124,1.471700632572174,0.5029930211603642,0.3623056676238775,1.2268453732132911,1.3342075191438199,1.0130137116648257,0.8515252750366926,0.948025444475934,0.47373561561107635,0.41069004535675047,-0.3570971183478832,-0.4495986321941018,-0.20149508267641067,0.21444836407899856,-0.18808331862092018,-0.2626061711460352,-0.2593432866036892,-0.22857396602630614,0.09837956055998802,-0.5304716757498682,-0.5691710419952869,-0.33568083345890043,-0.12043313309550285,-0.6641344949603081,-0.32873191237449645,-0.2352636106312275,-0.19227132573723793,-0.8511203557252884,-0.31371303647756577,-0.07248698994517326,-0.08453410863876343,-0.06986572910100222,-0.7197043329477311,-0.13781760521233083,0.08683455288410187,-0.1623639464378357,0.1899963957024738,0.25123605988919734,0.31223485618829727,0.5060776330530643,0.35557696372270586,-0.06014254298061132,0.3806984189897776,0.34777784124016764,0.5026420310139657,0.9607260923832655,1.0919297866523265,0.5817730039358139,0.5570229738950729,1.191238534450531,-0.10539926290512085,0.41809768676757814,-0.35792661979794504,0.36513838917016983,0.41191422902047636,-0.11573599502444268,0.04165803126525134,0.3310820460319519,0.018501126766204835,0.6146999597549438,-0.08971747756004333,0.2012639820575714,0.5197634026408195,0.6753635071218014,0.40337321273982524,0.48995715081691743,0.3289723999798298,0.31720401756465433,0.13681074976921082,-0.38518067449331284,-0.0999929964542389,-0.32056200234219434,0.42571388334035876,-0.29564670845866203,-0.6658707551658154,-0.42335950685665014,-0.02213416820159182,-0.3696589857339859,-0.47134615629911425,-0.8202668726444244,-0.33491347432136537,-0.5294841676950455,-0.04052293952554464,-1.0521864265203476,-0.5256746640428901,-0.7982387968339026,-0.4976583503186703,0.067041438492015,-0.0489962037652731,-0.20802699774503708,-0.5516372337937355,0.14520229287445546,0.228260400891304,-0.10169408842921257,-0.22841546088457107,0.10478782253339887,-0.07491290541365743,-0.02582429088652134,0.6589059915393591,1.1621827065944672,0.2426167383790016,0.2298979714512825,0.5621713180094957,1.1879736676812171,-0.05716076791286469,0.20192273557186127,0.7481678653508425,0.49748624861240387,0.30422687232494355,1.055067378282547,-0.05674745552241802,-0.038749444927088914,0.44990248531103133,0.17896649688482286,0.9773739412426948,-0.00647888109087944,0.6632973998785019,0.804858922958374,-0.26380876954644916,-0.7884731780737638,0.9736891306936741,0.7226238403120078,-0.21706303507089614,-0.34459687769412994,0.022993725538253785,-0.2401636652648449,0.17899529861751945,0.13030242398381234,-0.016404221206903456,0.17025504931807517,-0.012403848767280578,-0.029440847039222718,0.2242474488914013,0.2204529218375683,0.20309047661721708,-0.1027821758762002,0.07275483161211013,1.1521920621395112,0.007365547865629196,-0.5710069350898266,0.8454863905906678,0.24057752387598158,-0.3968439191579819,0.8226087093353271,-0.16939835175871848,-0.23687218278646469,0.26061933040618895,0.26666823429986836,-0.5327918587252498,-0.33924603592604397,-0.33242689445614815,-0.16664017736911774,0.7707412615418434,-0.8925120875239372,-0.24813462197780609,0.24628457501530648,0.37158617079257966,0.5155324935913086,0.46857425700873134,-0.10379464421421289,0.3820613860152662,0.8648972023278475,0.7958600245416164,0.40430159978568553,-0.6545382898300887,-0.3415680075064301,0.6490216700360179,0.4169960618019104,0.5745885774493218,0.31428126245737076,0.3605621007271111,0.29313665265217426,0.3292470365762711,0.025146379321813583,-0.43984823301434517,0.7414782643318176,0.3614874893799424,1.5506590545177459,1.0294753178954124,1.4495691284537315,1.4762036353349686,1.200009213387966,1.761930873990059,0.9483427211642266,1.8849582076072693,1.0473654314875602,0.8696046143770217,1.3435143433511256,0.5273129217326641,1.0893598794937134,0.5758490977808833,2.1705680012702944,1.3220445483922958,0.4544417828321457,1.2097226917743682,0.7827402576804161,0.3717968091368675,1.4997504353523254,0.9854583270847798,1.4660252928733826,0.31241980791091917,-0.06559622175991535,1.156295296549797,0.8117507085204124,0.36226950883865355,1.0659081131219863,1.0656632624566555,0.9266411066055298,0.8331082925200463,0.613449464738369,0.09664867743849755,-0.39022859595716,-0.2509188286960125,0.6700649354606867,0.9100431963801384,-0.44384931176900866,-0.3663499586284161,-0.1150096245110035,0.22279984634369612,-0.39331496581435205,0.654085910320282,-0.5394655391573906,-0.23017284236848354,0.05194699689745903,-0.25404426315799356,-0.08667614981532097,-0.09748988077044488,-0.19785706512629986,0.4599599093198776,-0.3743114173412323,-0.3063364252448082,-0.5014169633388519,0.017160093784332274,-0.06683618947863579,0.2602697193622589,-0.5269347986206412,0.05003252699971199,0.5858739413321018,0.5482977449893951,0.23881307393312454,0.39023576080799105,0.6934467524290084,0.09205090552568436,0.3714144192636013,0.8953419739380479,0.6305989764630795,0.8653689086437225,1.3890403181314468,0.8103468313813209,1.026973307132721,1.4202608168125153,0.9342190228402615,-0.3505030833184719,1.4384753704071045,-0.6202832207083702,-0.6284076124429703,0.25960696414113044,-0.2028130428865552,0.5623948000371456,-0.4025637298822403,0.0401042677462101,0.9364830026403069,-0.6492555171251297,0.3259043157100677,0.21249817162752152,0.2868442635983229,1.2111177556216717,0.33603334836661813,0.5418939193710685,0.46929980590939524,1.1135953217744827,1.3357068002223969,1.173097237944603,0.4855232805013657,0.6034749478101731,0.502719271183014,0.6357664257287979,0.9361515052616596,-0.181205353140831,-0.5324360575526953,-0.1045708753168583,-0.4637732967734337,-0.4823622465133667,-0.8061414897441864,0.017200753465294837,0.10915113687515259,0.3805204853415489,-0.5932897953316569,-0.3933136213570833,-0.08158225887455046,0.07001962363719941,0.3497772812843323,-0.15606111586093901,0.004216073453426361,-0.47883960166946055,0.2745243668556213,0.5624811867717654,-0.09363592555746436,-0.06574663706123829,0.1030557319521904,0.026174918795004488,-0.0443999357521534,0.3582415979355574,0.6718561131507158,0.6808826789259911,0.4926110327243805,0.6151711560785771,0.4567300818860531,0.8417758557945489,0.5994451768696308,1.1098123838193714,-0.5083111494779586,0.4436378628015518,0.29666743949055674,0.09457496237009763,1.2120600759983062,-0.4561870597302914,0.06526283472776413,-0.051860645040869714,0.378709622612223,0.49434825628995893,-0.13857852183282376,0.7190823376178741,0.44773280061781406,1.228023397922516,0.9402386114001274,0.8545122466981411,-0.1351746879518032,0.8107307448983192,1.6677535504102707,1.0545289009809493,0.880264064669609,0.5776073064655065,0.7860044168308378,-0.05492980368435383,-0.08709999471902848,-0.5237008243799209,0.3383060932159424,0.9529916554689407,1.3528546750545503,0.6033962205052376,0.3206979751586914,0.6422036537318491,0.38876129128038883,0.14872504752129317,0.8064850666560233,0.7260347828269005,0.7394251629710198,0.7387060485780239,0.8286650949623435,0.23523727655410767,0.11926413178443909,-0.2613216660916805,0.47469596564769745,0.24397030621767044,0.3141092921490781,0.008086997643113136,-0.12450691610574723,-0.16853967532515526,0.7610668212175369,-1.5793960630893706,0.17726902514696122,0.6922157183289528,0.04684140160679817,0.5817243857309222,0.7926518391817808,1.056391168385744,0.28944462686777117,0.8590734824538231,0.30739535987377165,0.41593989431858064,0.5986960045993328,0.7588891625404358,0.608667055517435,-0.4046094730496407,1.2116202801465987,0.6221540451049805
1.1625004217028618,0.7343655055388808,1.3356292188167571,0.6848902761936188,1.565852202475071,1.493331952393055,0.14537735730409623,0.9223177313804627,2.024432307481766,0.5102665007114411,1.4295698076486587,0.7984535187482834,0.026340413093566894,0.9151344016194344,1.8641777038574219,0.10372542515397072,0.8371004663407803,1.7081084072589874,1.2943913087248802,0.44530966244637965,0.1301204789429903,0.3487366795539856,1.0623098820447923,1.470563155412674,0.4690798372030258,0.2784014370292425,1.1341955080628394,1.195966152101755,0.9284619548358023,0.802387036010623,0.8971464547794312,0.3235101252794266,0.1806564748287201,-0.43208764120936394,-0.3259173894301057,-0.17481572180986404,-0.02437746971845627,-0.3719014339148998,-0.2904867175966501,-0.24986000843346118,-0.3391671791672707,-0.031368187814950946,-0.6035082816146314,-0.6695436038076877,-0.3529300957918167,-0.17128171548247337,-0.7276021525263786,-0.34929443895816803,-0.31089365035295485,-0.2793835673481226,-0.9425938457250596,-0.3566817507147789,-0.10876021012663842,-0.12477019536308945,-0.08344083949923516,-0.7948924899101257,-0.137004429474473,-0.04751997888088226,-0.12135056927800178,0.09238140105735511,0.20549285169690848,0.3237694427371025,0.40117494091391565,0.2621604010462761,-0.08788523450493813,0.2745891291648149,0.24291980490088463,0.4068506695330143,0.8270871680229902,0.9388437859714032,0.44292807430028913,0.4596914993599057,1.0536929547786713,-0.20258478969335555,0.3644595228135586,-0.421242506057024,0.27730938941240313,0.2955555569380522,-0.1990487277507782,-0.09256733723450453,0.23683609068393707,-0.11746609210968018,0.5299027845263481,-0.1885356605052948,0.1126016765832901,0.2970215305685997,0.5845856450498104,0.33789631091058253,0.37570306584239005,0.15325843319296836,0.18956274054944516,-0.018161076307296752,-0.5410241894423962,-0.22517947256565093,-0.40751273212954403,0.18539510816335678,-0.5694252423942089,-0.7667391944676638,-0.5803690225817263,-0.09091253703227267,-0.36045006215572356,-0.44707196205854416,-0.9110457241535187,-0.3182086646556854,-0.5498742312192917,-0.13614193834364413,-1.0054488867521285,-0.5536559512838721,-0.876203075889498,-0.609445733577013,0.10313928839750588,-0.08549025356769561,-0.28089152425527575,-0.5592726305127144,0.11756160296499729,0.1368596538901329,-0.1504365585744381,-0.21894288510084153,0.19696250157430767,-0.19042955907061695,-0.07693076319992542,0.6584470238536596,1.2208203434944154,0.0804002121090889,0.12806494385004044,0.5338017020374537,1.1057108595967293,-0.17849388718605042,0.10193450152873992,0.6260196182876825,0.29360461384058,0.13415314257144928,0.9444977968931199,-0.08261417560279369,-0.10069585740566253,0.32240012949332597,0.1460619881749153,0.8879255130887032,-0.08831519410014152,0.509804317355156,0.5648406594991684,-0.31392720993608236,-0.813674671575427,0.9128198780119419,0.6488735321559943,-0.16964067220687867,-0.27029845416545867,-0.1432296335697174,-0.3947423093020916,0.14262263777200132,0.07172761335968972,-0.2190779961645603,-0.016114387661218643,-0.20471207201480865,-0.20695766508579255,0.019582074135541916,-0.05254879668354988,-0.04831783808767796,-0.3048216799274087,0.041240467131137847,1.102270132303238,0.026078059524297714,-0.639130835980177,0.8195884823799133,0.1361269493587315,-0.4960218220949173,0.7885143145918846,-0.19095922335982324,-0.31056240051984785,0.13421804308891297,0.25152925876900556,-0.6686495959758758,-0.3585016144439578,-0.3203575022518635,-0.32649280726909635,0.7107460960745812,-0.8988391324877739,-0.4001572340726852,0.14381014183163643,0.26971033215522766,0.457108873128891,0.33896678443998096,-0.2125965604558587,0.2626788764260709,0.7040947187691927,0.7079182587563991,0.3089422009885311,-0.7998507350683213,-0.49078048709779976,0.49380831252783536,0.29978349804878235,0.507753424346447,0.2693627204746008,0.2846210059709847,0.2548944809474051,0.2819135218858719,0.032769777625799176,-0.2936145283281803,0.6781434804201126,0.281313251145184,1.378959983587265,0.951917277276516,1.3722429141402244,1.389275738596916,1.0914893612265586,1.6742450624704361,0.7900573711842298,1.767283982038498,0.9594497412443161,0.8639006435871124,1.2069167755544186,0.31069120690226554,1.037423810362816,0.4791049866005778,2.062173056602478,1.1521524719893932,0.21800516545772552,1.1907913446426392,0.6451342359185219,0.2954324081540108,1.5340025961399077,1.0051236040890217,1.4606353640556335,0.21456072032451629,-0.07424084730446338,1.1730227321386337,0.7543294861912727,0.2955394446849823,1.0322798401117326,1.0124085806310177,0.7472053475677967,0.5383505091071129,0.33850424736738205,-0.11923559680581093,-0.3621708657592535,-0.2933579318225384,0.4016538355499506,0.6270008966326713,-0.4307746261358261,-0.4824591152369976,-0.1593932956457138,0.07625584583729506,-0.3976139657199383,0.44777090549468995,-0.6788421496748924,-0.30554782338440417,-0.011989585310220718,-0.28580936081707475,-0.1248875990509987,-0.1151889942586422,-0.25722596012055876,0.2948160290718079,-0.35416263043880464,-0.42873796075582504,-0.46783292591571807,-0.05740324407815933,0.001836889237165451,0.22726292461156844,-0.4734976327046752,-0.003432776778936386,0.4743830941617489,0.4667946740984917,0.19996623769402505,0.36021951735019686,0.662228137254715,0.006749577820301056,0.3386417742818594,0.7325251752510666,0.5172484394162893,0.7209378719329834,1.2801592826843262,0.7588084742426873,0.8544989198446273,1.3735788822174073,0.8251571677625179,-0.3326929472386837,1.3748031973838806,-0.6478475198149681,-0.5533988356590271,0.13696504151448607,-0.3560111777856946,0.5146518304944039,-0.364930322766304,-0.07824430093169213,0.8382723780348897,-0.6254345923662186,0.24741773307323456,0.15907079875469207,0.22845264486968517,0.9895051889121532,0.24652568064630032,0.4854438086971641,0.2794319398701191,0.8928151749074459,1.1151962757110596,0.9952631250023842,0.30257333219051363,0.4269789487123489,0.35884917378425596,0.5066632315516472,0.6673548020422458,-0.2628537341952324,-0.5715603586286306,-0.31974211111664774,-0.42892634123563766,-0.6352961853146553,-0.813095074892044,-0.07430928312242031,-0.06359737515449523,0.27667715698480605,-0.6234413770958781,-0.4396906513720751,-0.13601032965816556,-0.17869036495685578,0.26267277598381045,-0.24885585494339466,-0.15181392878293992,-0.5613940984942019,0.31237007677555084,0.432152732135728,-0.11298690466210246,-0.05697696842253208,0.05368278920650482,0.02903458443470299,-0.058098265901207924,0.36092150025069714,0.5539798822253943,0.6897347375750542,0.3663691431283951,0.6617885090410709,0.41834385618567466,0.6565531615167857,0.4454834349453449,1.0030584414489567,-0.5761293351650238,0.31123514622449877,0.1803199239075184,0.15855683889240027,1.1049663305282593,-0.5542630635201931,0.04372933320701122,-0.09531299024820328,0.33410396515391766,0.3729010045528412,-0.1827768262475729,0.5320518687367439,0.15032541193068027,1.1323051631450654,0.7236909121274948,0.6079474218189717,-0.22863656803965568,0.5822728708386421,1.4242536753416062,0.8984452274627983,0.7224128872156144,0.5242982398718595,0.707828743942082,0.04857657067477703,0.004941968619823456,-0.6082019552588462,0.08043479323387145,0.7795304477214813,1.261184710264206,0.44973480701446533,0.206324303150177,0.6220995032577775,0.22190213538706302,0.14085837882012128,0.6482909210957587,0.5572545036673546,0.5604980155825615,0.6017451040446758,0.6229231709148735,-0.01850172281265259,0.006576873362064362,-0.3329924292862415,0.27227729856967925,0.059922875463962556,0.2437538201804273,-0.03599711246788502,-0.17357614487409592,-0.2715217396616936,0.6468131139874458,-1.595155793428421,0.020630736649036408,0.574567873775959,-0.14152825996279716,0.4926166279241443,0.6410317268222571,0.9206940464675426,0.05643733292818069,0.6524174720048904,0.25703429244458675,0.3735904783010483,0.4588764362037182,0.6834611520171165,0.46831599846482275,-0.32093188911676407,1.1355833172798158,0.4463039040565491
1.0285943374037743,0.7283296769484877,1.1739362090826035,0.5297671549022198,1.4127483673393726,1.3390688285231591,0.08611573725938797,0.7480285480618477,1.8478323949500919,0.4369281217455864,1.2153716057538986,0.6672963589429856,-0.04123283177614212,0.7154092952609062,1.7014379337430001,-0.0319414310157299,0.6782410465180874,1.6400421559810638,1.1728694602847098,0.24044994078576565,-0.009453381225466729,0.20352206528186798,0.95834179520607,1.4502162992954255,0.39131800532341005,0.16429364047944545,1.0102128185331822,1.053718025237322,0.808715979475528,0.7031635593622922,0.7963727209251374,0.22619236186146735,0.07126609683036804,-0.49516278728842733,-0.26052826587110756,-0.14767861664295195,-0.2070882186293602,-0.41513082310557364,-0.3024407189339399,-0.2811947574838996,-0.35335463136434553,-0.11801666393876076,-0.7045319153927266,-0.7385566264390946,-0.43530034720897676,-0.2765580676496029,-0.7780989274382591,-0.43520345985889436,-0.3499580681324005,-0.4372812662273645,-0.9893193185329437,-0.47207237035036087,-0.1862938809208572,-0.1699610728304833,-0.14776266738772392,-0.8203020185232163,-0.22802472151815892,-0.17205606400966644,-0.13539600223302842,0.006991870398633182,0.10424200054258108,0.27878260612487793,0.3325960285961628,0.22922320812940597,-0.11562019363045692,0.22181775532662867,0.13639381155371666,0.29672582522034646,0.7079997014254331,0.8482960008084774,0.32181416302919386,0.3705945210531354,0.9705207467079162,-0.30623349696397784,0.2928796671330929,-0.5360286183655262,0.096231036237441,0.23914663307368755,-0.3366320312023163,-0.2170530564384535,0.15178316365927458,-0.19135825783014299,0.44279243499040605,-0.25545444488525393,0.08293304741382598,0.08896420449018479,0.4644619353115559,0.18208850286900996,0.2593831233680248,-0.03722069934010506,-0.005722532048821449,-0.15793653726577758,-0.6545655421912671,-0.33396081030368807,-0.44757353225722907,0.03161726444959641,-0.6438668854534626,-0.8410262614488602,-0.743743684887886,-0.22045116251101718,-0.5089778274297714,-0.45112509578466414,-1.0269361853599548,-0.30013114437460897,-0.6324470974504948,-0.303045791760087,-1.003593161702156,-0.5803995098918676,-0.8483068683184684,-0.6939771689474583,0.0530748609919101,-0.11013082563877105,-0.36473765820264814,-0.7289225280284881,-0.03413476906716824,-0.09059733301401138,-0.2380018301308155,-0.32125221453607083,0.05018928246572614,-0.31845717104151844,-0.030302608385682106,0.6466880824416876,1.2574533462524413,-0.15322539061307908,0.0026307001709938048,0.3749081563204527,0.9732375338673591,-0.2634545713663101,0.02738759070634842,0.47877854742109777,0.06617248207330703,-0.0558208167552948,0.8364504128694534,-0.23685714416205883,-0.2045385181903839,0.22657686239108443,0.110364730656147,0.7619438961148262,-0.15729349628090858,0.36205239593982697,0.3884947571903467,-0.3338142102584243,-0.9768334776163101,0.7880658470094204,0.5592324021854438,-0.21164235696196557,-0.327760723233223,-0.34596735835075376,-0.48607393726706505,0.2449567780131474,0.09728938117623329,-0.3313726134598255,-0.16257182732224465,-0.34817575812339785,-0.3957620531320572,-0.08108895793557166,-0.19662484005093575,-0.2348184112459421,-0.4594421902671456,-0.053041739761829375,0.9816263318061829,-0.017161486297845842,-0.6966975353658199,0.7417458653450012,0.038275616336613895,-0.5911014020442963,0.6044098451733589,-0.26858180686831473,-0.37145342081785204,-0.0815430998802185,0.13560600904747844,-0.8252853237092495,-0.4051725385710597,-0.33055286183953286,-0.5096344769001007,0.5940135516226291,-0.8793540522456169,-0.5514208793640136,0.0063841409981250765,0.15630491822957993,0.3707939893007278,0.20691135581582784,-0.33995511922985316,0.2068789809010923,0.49027258940041063,0.5546743638813496,0.18561569526791571,-0.8479393899440766,-0.615474515594542,0.40365948211401703,0.18362190425395966,0.45039268732070925,0.033350249752402306,0.19323695497587323,0.18381179720163346,0.15032348334789275,-0.028912947326898576,-0.37272367924451827,0.5768820764496922,0.26702688802033664,1.3207940399646758,0.856133234500885,1.254220972955227,1.2495819717645644,0.9594744518399239,1.455672213435173,0.6827050890773535,1.6692915439605713,0.8528421014547348,0.80302414894104,0.9635554008185864,0.18390236776322127,0.979024025797844,0.36112227123230695,1.9025734871625901,0.9806246660649777,0.09288830459117889,1.0823996901512145,0.42625198513269424,0.20540038626641036,1.4569863498210907,0.9495165295898914,1.3662541925907135,-0.023536410927772523,-0.1782656043767929,1.1457237750291824,0.6284247666597367,0.1377059042453766,0.9663128942251206,0.9230944029986858,0.5880377061665059,0.35538660138845446,0.20425372570753098,-0.24143807217478752,-0.3722943883389235,-0.20763394236564636,0.2804383162409067,0.41275603622198104,-0.4109303247183561,-0.4440715819597244,-0.2049785565584898,-0.05262513477355242,-0.25854010209441186,0.2833717167377472,-0.8373430415987968,-0.3260045189410448,-0.037278561294078826,-0.33664098642766477,-0.15182130485773088,-0.19039887711405754,-0.27803096286952494,0.16027664989233018,-0.3390998288989067,-0.4267395421862602,-0.45115075781941416,-0.1551797494292259,0.056031227111816406,0.16018159091472625,-0.40728990342468024,0.00420224443078041,0.3245402745902538,0.4527901098132133,0.18491941168904305,0.32732453048229215,0.6521252632141114,-0.09636524766683578,0.31646413672715423,0.5606388816609978,0.3815192889422178,0.5713913917541504,1.1972695946693421,0.6686685547232628,0.618638950586319,1.2465451627969741,0.678248067945242,-0.3521748922765255,1.2808588445186615,-0.6063463851809502,-0.5467647075653076,0.05593923730775714,-0.4252319471910596,0.47010958939790726,-0.2574446588754654,-0.1993679843842983,0.7409851597622037,-0.6165321558713913,0.18364224433898926,0.11365110129117965,0.14334810040891172,0.7378912441432476,0.06424318514764309,0.36347140874713657,0.029114652425050735,0.6372673265635967,0.8910850077867508,0.7764676757156849,0.13591220378875732,0.3196361238136888,0.2024166226387024,0.3549885407090187,0.4036309473216534,-0.2573103830218315,-0.637599391117692,-0.544389758259058,-0.4268539726734161,-0.7142715610563755,-0.8232172667980194,-0.19103777669370176,-0.2610329449176788,0.10671440809965134,-0.7246477914974093,-0.4882615450769663,-0.10836396869271994,-0.44637821018695834,0.19167401045560836,-0.19534672535955905,-0.2721965745091438,-0.6318441451527178,0.17066942155361176,0.25198063445277513,-0.2351246657781303,-0.24206686653196813,0.011716850101947784,-0.049304777709767225,-0.04669667519629002,0.2686221059411764,0.4675127562135458,0.6328837975859642,0.31596963708288966,0.6497676946222782,0.29242981746792795,0.45216305591166017,0.29275038465857506,0.8420895111747086,-0.6093916453421115,0.2189444050192833,0.06043570712208748,0.11360264401882887,0.9962373077869415,-0.6500795505940914,-0.09195877201855182,-0.19401593655347824,0.24735334455035626,0.2317977637052536,-0.224863089248538,0.434136737883091,-0.09954442940652371,0.9754291117191315,0.515076468884945,0.3950489886105061,-0.28593339696526526,0.31078406125307084,1.1496394917368888,0.6370960560627281,0.48909874111413953,0.45451482869684695,0.5946348957717419,-0.04347310252487659,-0.09827730655670167,-0.7312314584851265,-0.22561134696006774,0.5963438365608453,1.0829661764204501,0.2350912094116211,0.09301372468471528,0.5232426309376024,0.08372046388685703,0.030248823575675488,0.45923065626993775,0.36738138645887375,0.2986022338271141,0.3824477009475231,0.3951764428522438,-0.16123197078704835,-0.08962630778551102,-0.455474603921175,0.07177257835865021,-0.12531605809926988,0.13846858692122624,-0.15318827517330647,-0.28277149349451064,-0.4445399209856987,0.479270501434803,-1.5400900900363923,-0.144815032184124,0.4723391868174076,-0.31926723644137384,0.38880542423576114,0.49524317630566655,0.7089966617524623,-0.15656711310148239,0.5206121176481247,0.09099281691014767,0.18177094757556916,0.2949031226336956,0.4817525312304497,0.3280331529676914,-0.3995054617524147,1.0379186421632767,0.26237453818321227
0.8362439975142479,0.6347128754481673,0.9753023874014616,0.24534091874957084,1.0568992860615254,1.1318489924073218,-0.048093651235103604,0.6017246797680855,1.6075241489335894,0.2000597223639488,0.8732849687337876,0.5576945126056672,-0.23835811167955398,0.5768022879958152,1.4790562734007835,-0.265416669100523,0.5106328688561916,1.4170152731239796,0.997440505027771,0.10730119608342648,-0.2520217549055815,0.023170003294944765,0.8629455387592315,1.348440557718277,0.16544434428215027,-0.07074189223349095,0.8090061552822589,0.8337457574903965,0.6011606198735535,0.5111904051154852,0.6886408779304475,0.21904442682862282,0.02871915400028229,-0.4343917593359947,-0.0790643448010087,-0.12168106138706207,-0.30874447226524354,-0.4062278263270855,-0.2497917149681598,-0.2529361596331,-0.41317560970783235,-0.2348828323185444,-0.6839241324923933,-0.722257274389267,-0.4311740309000015,-0.3234971217811108,-0.7602284952998162,-0.40566674172878264,-0.42957433462142947,-0.48962140679359434,-0.9787021934986114,-0.5553354360163212,-0.27774673281237483,-0.2812468248885125,-0.19884585812687874,-0.8256255120038987,-0.30748672820627687,-0.2873939901590347,-0.19678180664777756,-0.10423956394661218,-0.03126983884721994,0.3141732394695282,0.27447673454880717,0.19053612500429154,-0.17704028859734536,0.17871144376695156,0.03372593447566032,0.287310828268528,0.6198328297585249,0.8191497348248958,0.24856916964054107,0.28931024838238956,0.7206786021590232,-0.3779958575963974,0.18163589984178544,-0.5514865763485431,0.12045618777628989,0.1382871013134718,-0.4666530668735504,-0.28782294981647283,0.05967151504009962,-0.22494508549571038,0.32831932604312897,-0.2826221853494644,0.11074745953083039,-0.04037900418043137,0.3005269251763821,-0.017172405496239662,0.1430070511996746,-0.1445728175342083,-0.1804820690304041,-0.309028822183609,-0.7462295085191727,-0.39616780281066893,-0.41080900114029645,-0.07809766978025437,-0.5288767613470554,-0.778158675134182,-0.832813274860382,-0.18622220506658776,-0.5790190309286117,-0.44189276546239853,-1.0536186039447784,-0.26619372293353083,-0.6157469429075718,-0.3828125033527613,-0.9568941265344619,-0.586041733250022,-0.7738850959576666,-0.687177912145853,-0.0034358646254986523,-0.20786202549934388,-0.456274576485157,-0.8350871831178666,-0.048297864571213725,-0.17242281660437583,-0.33564865663647653,-0.3672194954007864,0.04668310629203916,-0.24114931048825383,0.04852491281926632,0.5830781307071448,1.2076516687870025,-0.14522864520549775,-0.02152818292379379,0.4645753514021635,0.818108581006527,-0.2941154807806015,-0.007508467137813568,0.3233342293649912,-0.06636382713913917,-0.19897859022021294,0.6916019558906555,-0.26626251749694346,-0.3332109212875366,0.2062694347463548,0.035635382309556006,0.5867671057581901,-0.15722706988453866,0.26462255269289015,0.21553582288324832,-0.2913750817999244,-1.1293986588716507,0.6215798050165177,0.39554063413525,-0.11974376663565636,-0.3600357860326767,-0.5047062933444977,-0.5951902866363525,0.1612385161453858,-0.005757834762334824,-0.4293458767235279,-0.26941949427127837,-0.41264435946941375,-0.4306633949279785,-0.09144511893391609,-0.1979086257517338,-0.2930802069604397,-0.4958590829744935,-0.1391119673848152,0.8228184670209885,-0.12559005990624428,-0.7354903899133205,0.6355145424604416,-0.03099092347547412,-0.6392844200134278,0.5675810948014259,-0.3255839295685291,-0.46738602221012115,-0.2454880177974701,-0.001495486218482256,-0.8774244301021099,-0.4617952523753047,-0.38526071682572366,-0.5791856035590172,0.45335703268647193,-0.8056490108370781,-0.615709924697876,-0.09986566826701164,0.049607931077480315,0.2801970914006233,0.08550850804895163,-0.40665625482797624,0.1678023025393486,0.29926182217895986,0.4337295062839985,0.16879057064652442,-0.8609642863273621,-0.6808546999469399,0.24009077530354261,0.005444067716598511,0.2955962896347046,-0.09244722165167332,-0.030832744669169188,0.08989080935716628,-0.04094688296318054,-0.05601809546351433,-0.26450263112783434,0.3987349571660161,0.16016505528241395,1.2286619603633882,0.6306169152259826,0.998563788831234,1.0440576538443564,0.6292523577809334,1.1837321512401104,0.3489045348018408,1.427034679055214,0.7044219583272934,0.6961723923683166,0.6295539252460003,-0.11833781916648149,0.8351552940905094,0.07939431946724654,1.662576388195157,0.7639599613845348,-0.18747966587543488,0.964832478761673,0.1137141838669777,-0.031850704737007615,1.342417460680008,0.7886572845280171,1.1971508741378785,-0.2786448448896408,-0.3587970703840256,1.0271779865026474,0.42710196077823637,-0.1435066282749176,0.856842628121376,0.7709961496293545,0.4702715925872326,0.2687982201576233,0.16081329132430255,-0.28166128173470495,-0.4093940328806639,-0.10796447396278382,0.1978194650262594,0.2653318032622337,-0.4078141164034605,-0.3377021588385105,-0.2438023578375578,-0.17354809660464526,-0.2594405375421047,0.1466899037361145,-0.8916834950447082,-0.3440292913466692,-0.10736379027366638,-0.24976103864610194,-0.06794035732746125,-0.2481434978544712,-0.24247967265546322,0.058400921523571014,-0.3174989551305771,-0.4926265016198158,-0.4031553726643324,-0.23987090736627578,0.11247326731681824,0.14987289160490036,-0.3116543057374656,0.024569597095251083,0.11037430688738822,0.4222388669848442,0.21426266394555568,0.326288691163063,0.664369048178196,-0.23866593092679977,0.3257124112918973,0.44948325473815204,0.26418439857661724,0.5148787409067154,1.0824169397354126,0.5309881389141082,0.36047016978263857,0.9772819578647614,0.3693492315709591,-0.32050577700138094,1.150057464838028,-0.618234278447926,-0.5710841804742813,-0.0582189847715199,-0.47707012463361026,0.4116498902440071,-0.26654087714850905,-0.30511295720934867,0.5977096332237124,-0.5660719260573387,0.09916029050946236,0.08826827183365822,0.08140265308320523,0.4755109213292599,-0.08850373141467571,0.1398423632606864,-0.1300160087645054,0.3931393824517727,0.7040631989482791,0.5574297107756138,-0.07707773447036743,0.15945702735334635,0.056040844321250914,0.18416260927915573,0.22354672998189926,-0.2844379708170891,-0.7429469712078571,-0.6005180165171623,-0.3504973351955414,-0.8546785451471806,-0.8199439346790314,-0.29558885656297207,-0.45764097571372986,-0.06664464026689529,-0.726953704468906,-0.5102726314216852,-0.21502966433763504,-0.538178077340126,0.08861187547445297,-0.257534209266305,-0.3828797683119774,-0.6961720377206803,-0.03334512710571289,0.10478913974948227,-0.393533197324723,-0.38866616822779176,-0.19036009162664413,-0.07132808760507033,-0.1284454170614481,0.19722026847302915,0.5103695672005415,0.546812541782856,0.32738639866001906,0.6166919715702533,0.34317295998334885,0.1784757051616907,0.12172984108328819,0.5578262341208756,-0.6082990422844887,-0.008349640667438507,-0.1586093060672283,-0.07291979808360338,0.7796467579901218,-0.8580165855586529,-0.21038278825581075,-0.36544248908758165,0.07100933133624494,0.13523532599210739,-0.32333353273570536,0.3881397917866707,-0.36465851627290247,0.7935354173183441,0.31242708414793013,0.1565499074757099,-0.3424200311303139,0.0029755547642707826,0.8581416592001915,0.3367661562748253,0.1836462989449501,0.3062216926366091,0.34146961495280265,-0.22399439699947835,-0.06913577932864427,-0.796303279697895,-0.43861843943595885,0.357413062825799,0.7924812771379948,-0.09773803949356079,-0.12503040134906768,0.2734158003120683,-0.054021837934851644,-0.13741197902709246,0.3591021657921374,0.3482084456831217,0.10177654474973678,0.35848533287644385,0.17534790872596204,-0.2212103247642517,-0.21290154606103898,-0.5904644638299942,-0.146975776553154,-0.2713837966322899,-0.0943719511036761,-0.27096367366611956,-0.3885593041777611,-0.5515354558825493,0.31379683762788774,-1.4367053091526032,-0.2479294717311859,0.3691320665180683,-0.4189170926809311,0.18642339017242193,0.32534047015942635,0.44273032769560816,-0.3395501241087914,0.2773964375257492,-0.12967862524092197,-0.06993983089923858,0.04771631881594658,0.2135492369532585,0.10470683947205543,-0.43170921355485914,0.739674523472786,-0.03594412207603455
0.7134447589516639,0.47352441009134055,0.8102680813521147,0.11497539207339287,0.6904461987316608,0.931484954059124,-0.19707446843385695,0.46621832102537153,1.347326192073524,-0.07838275581598282,0.4802191346883774,0.43821739256381986,-0.2694127827882767,0.39044120758771894,1.2116959974169732,-0.5335455648601055,0.2518176279962063,1.1438540525734424,0.7958295419812202,-0.12374334670603275,-0.43224424831569197,-0.20858496725559234,0.6461493242532015,1.1568988939747213,-0.015447622537612915,-0.24749486483633518,0.5586607821285725,0.588985488563776,0.33053069533780216,0.2876062300056219,0.5059733446221799,0.2264576770365238,0.0063129238784313205,-0.527936090528965,0.01826790180057287,-0.15951685905456542,-0.4206542193889618,-0.4019449811428785,-0.17808260065503417,-0.2468629589304328,-0.4829544983804226,-0.3753889389336109,-0.6926602095365524,-0.7495003372430802,-0.4973240852355957,-0.3907016094774008,-0.7621454529464244,-0.4867916539311409,-0.4737985745072365,-0.6691096246242523,-0.9686460047960281,-0.6030845051631332,-0.3355008545331657,-0.3817771244328469,-0.2806624509394169,-0.8743057578802109,-0.4278333608061075,-0.37402074933052065,-0.26702519953250886,-0.17692967460025102,-0.2205094838514924,0.29865512549877166,0.21723817959427832,0.12311705127358437,-0.21105250716209412,0.06633000038564205,-0.12006133273243905,0.28830861002206803,0.49883808605372904,0.7322529695928097,0.17151539921760559,0.19322184193879366,0.5114271059632302,-0.46046555023640395,-0.009878690540790557,-0.6431621633470058,0.10664869432803244,0.043806306645274164,-0.5111667931079864,-0.31566092513967303,-0.09087897259742021,-0.26637040451169014,0.17180669903755189,-0.32831000089645385,0.04332161918282509,-0.1520206719636917,0.09527256265282631,-0.22120576836168765,0.009745385497808456,-0.15038326904177665,-0.2947550419718027,-0.44446706771850586,-0.8490567296743393,-0.44918847382068633,-0.40285584460943935,-0.14283698913641274,-0.4837063647806644,-0.6663506835699081,-1.0372741371393204,-0.11965689411154017,-0.7437256246805191,-0.4510760590434074,-1.1036499261856079,-0.23482327833771705,-0.6076660122722387,-0.43917773105204105,-0.9425931066274643,-0.6068722546100617,-0.7365611025132239,-0.7127877175807953,-0.1455285097938031,-0.31472198069095614,-0.5146676674485207,-0.8648938447237015,-0.02379853092133999,-0.28796296939253807,-0.35330176427960397,-0.43290710002183913,0.07916603637859225,-0.0894807499833405,0.04367823824286461,0.40807418487966063,1.0461876839399338,-0.11498789861798286,-0.047726087796036154,0.43163269869983195,0.6615506783127785,-0.2594980955123901,-0.07727869562804698,0.15589615441858767,-0.15620045438408853,-0.2912470825016499,0.5888810399919748,-0.2534359607845545,-0.4384236842393875,0.16668889885768295,-0.05954146198928356,0.41176568120718005,-0.17906404286623,0.15644912719726561,0.12770275063812733,-0.28620448168367146,-1.2037134915590286,0.4715124528855085,0.23467915501678363,-0.1134543962776661,-0.2530169039964676,-0.6152377307415009,-0.6285350158810615,0.09460117297712714,-0.03962131142616272,-0.39204092398285867,-0.31317779179662464,-0.42001538518816234,-0.3807143703103065,-0.05927508994936943,-0.12728542760014533,-0.23344615325331688,-0.536486946232617,-0.2227119043469429,0.6348164111375809,-0.19729820638895035,-0.7587153576314449,0.5022190690040589,-0.13700459403917192,-0.6685186177492142,0.581152831017971,-0.3838996164500713,-0.4866601794958115,-0.35224084854125975,-0.17568231793120503,-0.8839323125779629,-0.5244141904637217,-0.40244976952672007,-0.6268145620822907,0.26014798060059546,-0.8294671282172204,-0.6766848042607307,-0.195528032630682,-0.07990223914384842,0.17280835211277007,-0.02480579260736704,-0.45012612342834474,0.08041664212942123,0.10188412852585316,0.2702041037380695,0.05405483916401863,-0.8905392467975617,-0.7340631516650319,0.01804207544773817,-0.18295062184333802,0.10647904872894287,-0.15576857514679432,-0.08199238730594516,-0.0017596065998077392,-0.17239096760749817,-0.1143458865582943,-0.242651329934597,0.27699563223868606,0.011655749566853047,1.0615851808339358,0.375362241268158,0.8276582881808281,0.8327506933361292,0.3591149464249611,0.8573546253144742,0.18341088257730007,1.163896844536066,0.5590297490358352,0.6255274280905724,0.34615417644381524,-0.3738642068579793,0.6765763230621815,-0.16330790240317583,1.3641820032149554,0.5466724626719952,-0.4099416762590408,0.7915222495794296,-0.1271037444472313,-0.22874403912574054,1.206411185860634,0.6269157289527356,0.9938022516667843,-0.42161877900362016,-0.46857180893421174,0.855620963126421,0.22970435321331023,-0.33322311043739317,0.6550767377018929,0.5663817547261715,0.40973123237490655,0.23814195692539214,0.1279508992563933,-0.35487023666501044,-0.48413011245429516,-0.107098987698555,0.12630711160600186,0.18277620747685433,-0.3961092036217451,-0.2505966410040855,-0.31350396685302256,-0.26973103899508716,-0.25725477561354637,0.05324915647506714,-0.9175858974456788,-0.37954812198877336,-0.16634540110826493,-0.24375487230718135,-0.11204279214143753,-0.2290237583220005,-0.24580317847430705,-0.0363921009004116,-0.2874263100326061,-0.5735057190060615,-0.3142851036041975,-0.34949386566877366,0.08013533949851989,0.09222456961870193,-0.28900802759453653,-0.06889500096440315,-0.12151611521840096,0.30940674990415573,0.15664526037871837,0.3346943765878677,0.6112414970993996,-0.37073030322790146,0.2228083299472928,0.33298830706626176,0.1967002686113119,0.4252385139465332,0.9863451361656189,0.3631188958883286,0.18269703686237335,0.6750031411647797,0.11477696225047111,-0.3311913192272186,0.9401561066508293,-0.5363720135763288,-0.5971009816974402,-0.1095360835082829,-0.474308274872601,0.316719289124012,-0.2563190173357725,-0.3889197275042534,0.3977159483358264,-0.48555662781000136,-0.031847568601369856,0.003943423181772232,0.027711937204003334,0.27469477578997614,-0.16940247379243373,-0.0499814311042428,-0.3407897390425205,0.2762635342776775,0.6171167919877917,0.4004091538488865,-0.17658448219299316,0.041666645742952826,-0.03942454010248184,0.025193749368190764,0.06269322484731674,-0.2072077289223671,-0.8052814424037933,-0.6009233623743058,-0.25047844350337983,-0.9470541507005692,-0.8059719681739808,-0.385582947358489,-0.6413346827030182,-0.26271857768297197,-0.8233310788869858,-0.5739894330501556,-0.2775846228003502,-0.6629435569047928,-0.03617149500641972,-0.2363437745720148,-0.5122987851500511,-0.7313311249017715,-0.11861326545476913,0.027612725319340826,-0.539359391015023,-0.5568381700664758,-0.3078782856464386,-0.11292378947837278,-0.1634394284337759,0.12351634465157986,0.4618687715381384,0.4831467166543007,0.3874078691471368,0.5383521087467671,0.22855588644742966,-0.06226204298436642,0.005842528492212296,0.2805227470584214,-0.5288293346762657,-0.12624033838510512,-0.31596814915537835,-0.1763917924836278,0.6863592602312565,-0.9571769580245018,-0.3472564209252596,-0.5350119575858117,-0.13589026392437517,0.03834409713745117,-0.4039918940514326,0.23519422747194768,-0.6302727874368429,0.5827865466475487,0.05697963088750839,-0.12343075200915336,-0.45275969058275223,-0.29256693571805953,0.5772031225264073,0.06737664612010122,-0.09121098965406418,0.120588992908597,0.1421436719596386,-0.3428922284394503,-0.11761424858123064,-0.8980059370398521,-0.6172979235649109,0.2027827475219965,0.5400336183607578,-0.32446778416633604,-0.3304286152124405,0.057776846864726394,-0.14557400308549404,-0.22941528912633657,0.27133556017652155,0.336620569601655,-0.056538940966129304,0.2807406224310398,-0.004093155870214105,-0.25658081471920013,-0.30663620084524157,-0.6568424046039582,-0.3429903000593185,-0.4325829610228539,-0.2560855810646899,-0.3772443916648626,-0.4940192952752113,-0.6896305963397026,0.09888066798448562,-1.3860164046287538,-0.36234247386455537,0.1836440868675709,-0.5417415469884872,-0.015494919754564762,0.08537880429066717,0.13304627761244775,-0.5323969587683678,0.052520844340324405,-0.28469174541532993,-0.07565692514181137,-0.1608843393623829,0.0212286576628685,-0.05328405126929283,-0.49275590032339095,0.4695756912231445,-0.24429329633712768
0.5155546337366104,0.2563784306868911,0.587672246620059,-0.05412505641579628,0.3592925913631916,0.6372348330914974,-0.5209066227078438,0.27360148876905444,1.051500037126243,-0.36891849189996717,0.09704512059688568,0.289245892316103,-0.5267159372568131,0.21949278563261032,0.8991581246256828,-0.649933985248208,-0.00024083629250526428,0.8102851875126362,0.6032291382551194,-0.1830230612307787,-0.5244002159684896,-0.3584260232746601,0.44096959941089153,0.8944661727175116,-0.10807988345623017,-0.38599395789206026,0.2232864923775196,0.28536572828888895,0.06614368231967091,0.030350058898329736,0.2917859587352723,0.15296852514147757,-0.08674247115850449,-0.5417816231027246,0.11630768086761237,-0.07833217084407806,-0.49530764296650887,-0.5049503099173307,-0.12313480605371296,-0.27445098049938677,-0.4919872544705868,-0.46738357171416284,-0.7120979640632867,-0.810373118519783,-0.5089060544967652,-0.4982107009738684,-0.7301608599722386,-0.5370990678668022,-0.5483749613165856,-0.7770496249198914,-0.9264335617423057,-0.5985504349693656,-0.3486295755021274,-0.5039311427157372,-0.34866089150309565,-0.95740886926651,-0.4702741090208292,-0.46750606000423434,-0.3088214710354805,-0.22059236944187433,-0.29362962376326324,0.2942766100168228,0.13793568834662437,0.056397846154868606,-0.3021753042936325,0.004459556564688683,-0.16624951288104056,0.2506988123059273,0.39284804575145243,0.5819788061082363,-0.012831841409206391,0.07771188784390688,0.1737549588084221,-0.5707307515665889,-0.20926941074430944,-0.7029243931174278,0.09645671134348958,-0.05640256889164448,-0.5778271287679673,-0.4001045643584803,-0.2904988767579198,-0.34926049783825874,-0.013496226072311402,-0.4127496540546417,0.009015405923128128,-0.2576724514365196,-0.04769270122051239,-0.3815002117305994,-0.09476137012243271,-0.1852995626628399,-0.3425468411296606,-0.5664843887090683,-0.9159301102161408,-0.5444158747792244,-0.42976462226361034,-0.24231708678416908,-0.6887527264654636,-0.6348417297005653,-1.135466867685318,-0.08754502882948145,-0.7885649710893631,-0.40938062220811844,-1.134525054693222,-0.2965561367571354,-0.5699689853936434,-0.48191148042678833,-0.9591713607311249,-0.623312059044838,-0.8720350325107574,-0.7494925320148468,-0.319626673636958,-0.44951193034648895,-0.6258590832352638,-0.849315294623375,0.010400395467877388,-0.3777619428932667,-0.3721997030079365,-0.4718367770314217,0.04426768636330962,-0.07008134545758367,-0.06131025925278664,0.28509476892650126,0.8185536965727807,-0.15955716893076896,-0.13566223286325113,0.11491302363574504,0.5279303982853889,-0.29607767462730405,-0.154782060906291,0.06856582500040531,-0.18464262261986733,-0.40788212828338144,0.4469884175807238,-0.2439942803233862,-0.5588286936283111,0.13869718676432968,-0.07972029633820057,0.3319546148180962,-0.22240629196166992,0.09418990612030029,0.058515890315175054,-0.3203316658735275,-1.2563528180122376,0.2966125056613237,0.03844752904260531,-0.15087859705090523,-0.19777633398771285,-0.6408932730555534,-0.6239522844552994,0.05743970333132893,-0.15496004819869996,-0.527348057180643,-0.4310590332373977,-0.44148955289274455,-0.3761685773730278,-0.12463226690888404,-0.12140673771500587,-0.2509683333337307,-0.5524439321830868,-0.23145906776189804,0.48150551617145537,-0.19992756098508835,-0.7776057034730911,0.4424687743186951,-0.1838821760378778,-0.702311447262764,0.47903390661813317,-0.47040678933262825,-0.5287378251552581,-0.4919972002506256,-0.22778699593618512,-0.8978248156607151,-0.6174108585342765,-0.44289262071251867,-0.6706165002658964,0.1121572084724903,-0.8762730866670608,-0.7327728003263474,-0.25332669317722323,-0.14981477633118628,0.05485212206840515,-0.137514085508883,-0.5113379418849945,-0.048759724199771884,-0.01449763886630535,0.2063975937664509,-0.03867226168513298,-0.8853330165147781,-0.7832528561353683,-0.12211660090833902,-0.2459980845451355,-0.02860354781150818,-0.2649568606168032,-0.07170549286529422,-0.063932865858078,-0.30562661290168763,-0.2132275216281414,-0.27589181512594224,0.17367142606526614,-0.1536751849576831,0.8265466589480639,0.23067832589149476,0.614599172770977,0.5641287121921778,0.0776429995894432,0.5743584953248501,-0.042176634445786475,0.9102362751960754,0.35587523141875865,0.5150279209017754,-0.02158151939511299,-0.6000502498820424,0.5208052791655063,-0.41244693715125325,0.9646435637027025,0.269012039154768,-0.6209551900625229,0.6003284901380539,-0.3479957923293114,-0.338780209608376,1.0346056193113327,0.4342906131409109,0.7301293261349201,-0.476339983381331,-0.5059327755123377,0.6080258741974831,-0.022614970803260803,-0.457627934217453,0.4331915184855461,0.3417324529727921,0.29911664947867395,0.1523476228117943,0.08720035697333514,-0.35245634242892265,-0.45246900133788587,-0.037476786971092226,0.02179135140031576,0.1162225253880024,-0.3066418942064047,-0.14612469524145127,-0.3500595476478338,-0.35546253342181444,-0.19941972717642784,-0.017939433455467224,-0.898895126581192,-0.4154834201559424,-0.1800077363848686,-0.2684315860271454,-0.1308701565489173,-0.4165806211531162,-0.3016500171273947,-0.1721253043040633,-0.2451345629990101,-0.6047076414572075,-0.2791275937110186,-0.43203454166650773,0.07613083720207214,0.04406759589910507,-0.2983367902226746,-0.18555850118864328,-0.2665404088795185,0.2552275761961937,0.05030572973191738,0.2564173549413681,0.5336927309632301,-0.4524399533867836,0.21324828136712312,0.19432218000292778,0.04871220849454403,0.3151576370000839,0.8128929197788238,0.20131138265132903,0.002564144134521484,0.461617299169302,-0.0608587235212326,-0.2932590991258621,0.673790080845356,-0.49201693627983334,-0.542542864009738,-0.13000482516363263,-0.4587570607662201,0.17523914724588394,-0.308926348015666,-0.4297885477542877,0.1154342396184802,-0.482549973577261,-0.23798969015479088,-0.16007550582289695,-0.023097266629338264,0.06644573733210564,-0.35716600976884366,-0.12520537469536067,-0.47437047138810157,0.18721114322543145,0.4693481119349599,0.22515181824564934,-0.3264555335044861,-0.09368773307651282,-0.11686352044343948,-0.10251975059509277,-0.08050917983055114,-0.26207093298435213,-0.9105153858661652,-0.6028213813900948,-0.1749105155467987,-0.9667223125696183,-0.7766515493392945,-0.45802172273397446,-0.7529663532972336,-0.3910604014992714,-0.8281732715666295,-0.5849051125347614,-0.4147246167063713,-0.7745220601558686,-0.18089633195195348,-0.3098414812237024,-0.6397801920771599,-0.77474425137043,-0.2536154970526695,-0.07705835360102356,-0.5900566081516445,-0.5989938139915466,-0.41030017733573915,-0.14552601621253416,-0.23587854765355587,0.11448938027024269,0.3765214543789625,0.3430707350373268,0.47722847466357055,0.4738175429403782,0.03370179086923599,-0.23716063164174556,-0.10075348243117332,0.07159189032390714,-0.4686313721816987,-0.20607920736074448,-0.3736556004732847,-0.24797756392508746,0.6226019479334355,-1.0473093032836913,-0.3858236808329821,-0.6503322780132293,-0.23548274696804583,-0.05625764727592468,-0.4494674149900675,0.15246554426848888,-0.803520780429244,0.4042040430009365,-0.10573714822530747,-0.34083192273974416,-0.5112797170877457,-0.5091652557253837,0.34900141805410384,-0.16642482308670878,-0.24318522363901138,-0.09641757123172283,-0.08879323080182075,-0.38671915121376516,-0.12510057408362626,-0.9803817510604859,-0.7378317683935165,0.052617833763360974,0.3171099968254566,-0.4585162490606308,-0.508594611287117,-0.07913480611750856,-0.12871873043477536,-0.3298123961314559,0.12244280287995934,0.23010658659040928,-0.18962023705244063,0.2598407186567783,-0.13087925747968257,-0.2899471540004015,-0.4204056397080421,-0.7699323624372483,-0.5509843081235886,-0.5641394123435021,-0.3609593425993808,-0.48428709656000135,-0.6257274661213159,-0.8008546143770218,-0.10121309608221055,-1.347043401002884,-0.515930312871933,0.036716002970933914,-0.6224857807159424,-0.12739618141204118,-0.09211370698176324,-0.0971001960337162,-0.7251859351992607,-0.10480732023715973,-0.5004215959459544,-0.059569360315799715,-0.35835746601223945,-0.13470764309167862,-0.24477966651320457,-0.5743317358195782,0.18713569939136504,-0.42976476550102233
0.34667501747608187,0.03857364114373922,0.5207294177263975,-0.26051714196801184,0.07975710704922676,0.4108199459500611,-0.7063654497265816,0.1546400859951973,0.6247869638726116,-0.45177965611219406,-0.2119063526391983,0.21789743676781653,-0.7324743116274476,0.1572016641497612,0.5759031876921654,-0.643280609510839,-0.24352220073342323,0.4511736877262592,0.4353340767323971,-0.2619813818484545,-0.45585622191429137,-0.47931526638567445,0.28862757198512556,0.6652747800573706,-0.072597236931324,-0.4523538235574961,-0.098735361546278,-0.0022067151963710784,-0.1344918998889625,-0.1704155568033457,0.13873641821555793,0.06288598552346229,-0.20528037399053572,-0.5368202576413751,0.1481966098770499,-0.34061449468135835,-0.5797525145113468,-0.6975380074232816,-0.1409949899185449,-0.31272853054106237,-0.5898255042731761,-0.508190531283617,-0.6729571137577295,-0.7644401282072067,-0.5275076627731323,-0.5426802668720484,-0.719170767813921,-0.5277284935116768,-0.5721637979149818,-0.8445734202861785,-0.9587825283408165,-0.5596422707661987,-0.3266999746672809,-0.5469706702511757,-0.43401983603835104,-0.957385927438736,-0.5283638745546341,-0.5100293651223182,-0.3453336045145988,-0.2521087083267048,-0.36055960077792404,0.2217426098883152,0.07597547098994255,0.012112641148269177,-0.33669468462467195,-0.0948131401091814,-0.2073585420846939,0.23854911476373672,0.27205853872001173,0.48940235897898676,-0.10449865609407424,-0.05858617257326841,0.035932570695877075,-0.6139824522659183,-0.27500491626560686,-0.6911978647112846,0.2346916693961248,-0.046766321361064914,-0.5634966664947569,-0.4265016756951809,-0.47726073283702136,-0.43726411536335946,-0.19686793088912963,-0.5174460530281066,-0.06918347105383874,-0.3621637836098671,-0.1309491440653801,-0.43680261820554733,-0.2376184031367302,-0.102040746062994,-0.2590561952441931,-0.6796156793832779,-0.941834956407547,-0.6103341951966286,-0.4242172894999385,-0.30329343560151756,-0.9159691013395787,-0.6813928917050361,-1.2023876041173935,-0.09266226565232501,-0.7710053950548172,-0.3452328249812126,-1.148918980360031,-0.2494847632944584,-0.5160622168332338,-0.5119854237884283,-0.9304926693439484,-0.651379856467247,-0.9511115103960037,-0.7414694607257843,-0.3909082762897015,-0.5606055438518525,-0.6743750125169754,-0.8012408167123795,-0.025752335041761398,-0.3968733333051205,-0.37704773917794226,-0.4545179225504398,-0.05244320267811418,-0.049281514901667836,-0.15033835247159005,0.19041202776134014,0.8195334121584892,-0.23846010789275168,-0.3011527647846378,-0.1377992618829012,0.4992548480629921,-0.31861535608768465,-0.24887703470885753,0.0910205278545618,-0.1319574870169163,-0.41388346813619137,0.3592481750994921,-0.31359741687774656,-0.6157158970832824,0.1421233548782766,-0.10176497288048267,0.30441017374396323,-0.2072626233100891,0.11063473224639893,0.10897498168051242,-0.38201011419296266,-1.3020716428756713,0.16712011848576366,-0.10095776322996244,-0.15926028564572334,-0.17633912786841394,-0.6000000938773156,-0.6761546641588211,0.07343047840986401,-0.1328542753122747,-0.6508863724768161,-0.5105441605672241,-0.4662730660289526,-0.40127634927630423,-0.23663154616951942,-0.1813783034682274,-0.2961462942883372,-0.5789790265262127,-0.2574235886335373,0.3284237921237946,-0.19653903394937516,-0.7971234589815139,0.42723528742790223,-0.1867368726991117,-0.7606757760047913,0.3542885182891041,-0.5805129073560238,-0.608382125198841,-0.5447412729263306,-0.20847511412575842,-0.8613443665206433,-0.7141570335254073,-0.5110010392963886,-0.6986604945734143,0.016449958831071854,-0.815254858136177,-0.8036131680011749,-0.3278473123908043,-0.2590398885309696,-0.12333629727363586,-0.25612623188644645,-0.599941223859787,-0.1827194347977638,-0.1142293106764555,0.08446633890271187,-0.2064513199031353,-0.9462311118841171,-0.8066600203514099,-0.20647303108125925,-0.3526598125696182,-0.16226006746292115,-0.36504726894199846,-0.11550373686477541,-0.1362320978194475,-0.37841710150241853,-0.2717381328344345,-0.36394338458776476,0.10436829496175051,-0.2323636395856738,0.7176607329398393,0.04893118739128113,0.5484086915850639,0.39849937669932844,-0.15129597932100297,0.31383052095770836,-0.2718751672655344,0.7443070784211159,0.23163023376837372,0.5772245809435844,-0.28095518425107,-0.6917456747964025,0.4835804827511311,-0.44271725732833145,0.5421465773135423,0.005090539902448654,-0.6794195644557476,0.5564662903547287,-0.4043798305094242,-0.33652749080210925,0.8947478085756302,0.3020779832266271,0.4916024334728718,-0.5305331306532025,-0.4164887133985758,0.35742054134607315,-0.21128975450992585,-0.5363102540373802,0.25946990102529527,0.251016111834906,0.14842251762747766,-0.013326923549175262,-0.04878716324456036,-0.44639215990900993,-0.5723185997456313,-0.15652922093868255,-0.15881514195352792,-0.03994445130228996,-0.4067664470523596,-0.3018131658434868,-0.44867904745042325,-0.47425407487899063,-0.28179236501455307,-0.08481620578095317,-0.828959584236145,-0.4340295335277915,-0.16465543657541276,-0.23592607378959657,-0.12236095424741507,-0.4301667965948582,-0.4040047124028206,-0.31463362630456687,-0.31693862453103067,-0.6368109951959923,-0.3309397894889116,-0.4683698758482933,0.06185350269079208,-0.02901986539363861,-0.26059627505019306,-0.2758499528514221,-0.3957466907799244,0.20192692428827286,0.02042303793132305,0.161319038271904,0.3933339476585388,-0.5618336215615273,0.13797918278723956,0.056225474923849106,-0.04328759349882603,0.1577377885580063,0.7099259197711945,0.1888249024748802,-0.10231394171714783,0.3217655770480633,-0.018406543135643005,-0.2575155198574066,0.47757438868284224,-0.4255839267745614,-0.4846429254859686,-0.10312882186844945,-0.4427309662103653,0.04488485604524613,-0.29718709401786325,-0.4149937093257904,-0.12065862584859133,-0.5102224849164486,-0.4080836735665798,-0.36864288076758384,-0.1242086160928011,-0.08996475413441658,-0.4332566909492016,-0.2629846105352044,-0.5636225342750549,0.058152588456869124,0.28379838485270736,0.0605152003467083,-0.5261229455471039,-0.21082400884479285,-0.1789884775876999,-0.20956311821937562,-0.13984381705522536,-0.32624857798218726,-1.068217694759369,-0.7081078067421913,-0.344647079706192,-1.0052342027425767,-0.8002378702163696,-0.6056350149214268,-0.8891356408596038,-0.5156332924962044,-0.7635139025747776,-0.6047241635620594,-0.5938720628619194,-0.8275252312421799,-0.3073898991802707,-0.41153210736811163,-0.8014998719096184,-0.7929679483175278,-0.21959925927221774,-0.18005014020018278,-0.6234624306671321,-0.6073983550071717,-0.4378512233495712,-0.19221391425235196,-0.022338999435305595,0.08149823322892188,0.30213193111121656,0.38408950716257095,0.4382631451357156,0.5347425144165754,-0.08344830125570298,-0.34248967133462427,-0.21089980825781823,0.034864598978310825,-0.4352885338943452,-0.2549700692296028,-0.35711721070110797,-0.2585924776270986,0.6387013293802738,-1.0915733337402345,-0.36226458437740805,-0.7209749788045883,-0.2590669779572636,-0.20076059103012084,-0.4647161725908518,0.05613593272864818,-0.897321617603302,0.23852652534842492,-0.20661979764699936,-0.4367971383035183,-0.56017564535141,-0.6236351743340492,0.17390869706869125,-0.3305968883447349,-0.2942841321229935,-0.22333641164004803,-0.1902284361422062,-0.44131766855716703,-0.14426360223442317,-1.0140648424625396,-0.750021705031395,-0.08339444026350976,0.13639657516032458,-0.561179232597351,-0.6272149920463562,-0.11846159311244264,-0.22564123347401618,-0.401393068395555,-0.07226469805464149,0.05328767634928226,-0.29117717444896696,0.14121962562203408,-0.2278953714761883,-0.42853836603462697,-0.5264018639922142,-0.7891898661851883,-0.6800715684890747,-0.7183734893798828,-0.42620029497193174,-0.5457484006881714,-0.7096996132284403,-0.9237000539898872,-0.2504207655787468,-1.370522540807724,-0.6888686150312424,-0.17010893747210504,-0.7038595616817475,-0.24119092840701342,-0.2828961884137243,-0.3104225493967533,-0.9038635641336441,-0.2199258178472519,-0.5821370992809534,-0.1371339738368988,-0.47523932829499244,-0.18537082821130751,-0.35218714657239614,-0.6806373350322247,0.03072800636291504,-0.5758441388607025
0.23479957580566407,-0.10576376263052226,0.40342790596187117,-0.5051022090017796,-0.24339069053530693,0.23636326612904668,-0.8744882732629776,0.032877732813358304,0.10011867564171553,-0.49931283444166186,-0.48401723206043246,0.13935314156115056,-0.9219077596440911,0.12747225612401963,0.2230290874838829,-0.6522033056244254,-0.5180284835398197,0.059101367741823195,0.30598388612270355,-0.3999995220452547,-0.34641383290290834,-0.4947915468364954,0.16333702616393567,0.351679508946836,-0.05622636154294014,-0.5042316749691963,-0.36581367179751395,-0.25012874230742455,-0.34425254790112375,-0.3351357523351908,-0.027965639205649494,-0.03616242334246635,-0.29356298595666885,-0.5066175470128655,0.17007712181657553,-0.49694509208202364,-0.711140800267458,-0.7758856821805239,-0.13988034729845822,-0.3115403238683939,-0.6477073930203915,-0.6020153507590293,-0.6474899921566248,-0.7191097766160965,-0.4609007716178894,-0.5431527409702539,-0.6177116878330707,-0.4813432052731514,-0.5607097163796425,-0.9307051837444306,-0.9667500361800194,-0.5186309909448028,-0.27210054649040105,-0.6274878192227333,-0.43504475578665736,-0.9301013648509979,-0.548824468255043,-0.5517243787646293,-0.35024179667234423,-0.308479031920433,-0.42685647774487734,0.24539219066500664,0.0443889569491148,-0.06523058582097292,-0.38761658519506453,-0.13011093772947788,-0.263016140460968,0.2295200690627098,0.12394748143851757,0.41995306834578516,-0.2191114157438278,-0.17972270231693982,0.014221299253404141,-0.6622672868892551,-0.2595023263245821,-0.6604006573557853,0.434500940493308,-0.019754388928413393,-0.4924608581699431,-0.4271038077771664,-0.6086712958291173,-0.5422615289688111,-0.3354488372802734,-0.5981460154056549,-0.12675449177622794,-0.4525153458118439,-0.13402055948972702,-0.4776646062731743,-0.34349143207073213,0.008013776689767837,-0.10098516009747982,-0.8241142064332962,-1.0414994537830353,-0.6858432486653327,-0.4714247165247798,-0.393401702074334,-1.0206912726163864,-0.7947547659277916,-1.212879827618599,-0.2066482722759247,-0.7881800681352615,-0.48489141315221784,-1.104030579328537,-0.28096832409501077,-0.3683436084538698,-0.5696840014308691,-0.9411515831947327,-0.6596703976392746,-1.0154299467802048,-0.622497933357954,-0.4809355355799198,-0.6657308399677276,-0.7435229867696762,-0.687834888510406,-0.07945815473794937,-0.36078543290495874,-0.4243126340210438,-0.42152386382222173,-0.06850820863619447,-0.009085084963589906,-0.26535522043704984,0.09813811667263508,0.7941756770014763,-0.28520956709980966,-0.30928297989303244,-0.3506023991852999,0.4849477484822273,-0.33029032647609713,-0.2579576473683119,0.12290504910051822,-0.04510661140084267,-0.32259539179503915,0.3121761132031679,-0.3645401425659657,-0.6480323761701584,0.17024386739358305,-0.15238640792667865,0.22365695908665656,-0.2116347908973694,0.15800399482250213,0.23229142166674138,-0.47678456380963324,-1.3102771937847137,0.01107584391720593,-0.23032956722890957,-0.1795539565384388,-0.16344645395874977,-0.5070946663618088,-0.6958811312913895,0.014990362362004817,-0.11415880611166358,-0.7503040328621864,-0.6226600712165237,-0.5313752617686986,-0.4206116162240505,-0.37406443133950235,-0.2859323963522911,-0.28250215034931897,-0.6596680216491222,-0.26076951920986174,0.15914598405361174,-0.23276885151863097,-0.847911337018013,0.3780940771102905,-0.18818992264568807,-0.7925287246704101,0.3015702484641224,-0.6676779806613922,-0.7278672263026238,-0.5582152605056763,-0.19133961517363787,-0.7795377932488918,-0.7869416743516922,-0.6238548167049884,-0.7004610138013959,-0.07603344470262527,-0.8501912087202073,-0.8803575515747071,-0.42300392538309095,-0.3927508629858494,-0.21437573432922363,-0.36030087545514106,-0.665773269534111,-0.3667168036103249,-0.14414948225021362,0.013096264749765395,-0.3187568712979555,-1.037416684627533,-0.7991112530231476,-0.31375823710113765,-0.48040529191493986,-0.2941595405340195,-0.4022216457873583,-0.18577591283246875,-0.2406530264765024,-0.46427265256643296,-0.36241203248500825,-0.45907404124736784,-0.006305478326976299,-0.32457406129688027,0.6554184515029192,-0.12404366731643676,0.5084994815289974,0.2461762797087431,-0.4258768931031227,0.04995835646986961,-0.5085648898035288,0.5226029232144356,0.04943291926756501,0.614912761747837,-0.490245271474123,-0.8123492592945695,0.40088615342974665,-0.5334549427032471,0.07675479836761952,-0.36554642394185066,-0.7505498446524144,0.4853887721896172,-0.46537810638546945,-0.33670150954276323,0.669250276684761,0.15991831561550499,0.24180080965161324,-0.6378654824569822,-0.3743324298411608,0.08139915615320206,-0.39049054235219954,-0.6100747004151345,0.04092608541250229,0.2331285254796967,-0.0035019822418689726,-0.21640580743551255,-0.20727481697686018,-0.5711866490542888,-0.6314922362565994,-0.3031851798295975,-0.32580295447260144,-0.25458018109202385,-0.47092304192483425,-0.4892423555254936,-0.5225147780030965,-0.5741053342819213,-0.36329318284988404,-0.20658369986340402,-0.7684373199939728,-0.45214056577533485,-0.154092501103878,-0.2124876081943512,-0.10231103952974081,-0.5195500075817108,-0.5020928159356117,-0.4493053948506713,-0.3427020378410816,-0.6923448036657647,-0.2889119882136583,-0.5305270597338676,0.00968611091375351,-0.15443161129951477,-0.24750476451590658,-0.30955891862977297,-0.49429956674575803,0.10504994541406631,-0.11720294244587422,0.06486749053001403,0.2613048404455185,-0.6690884590148926,0.04153683800250292,-0.09532643929123878,-0.14204292334616184,0.030826742947101592,0.707410579919815,0.1998421862721443,-0.19330576360225676,0.21287741288542747,0.07123698592185974,-0.22645592093467712,0.3192789897322655,-0.35335711035877465,-0.4172824826091528,0.020130263548344372,-0.32253270223736763,-0.06463430225849151,-0.35034729056060315,-0.3362074762582779,-0.30310734678059814,-0.5300379179418087,-0.5307372979819774,-0.5436365626752376,-0.25176314897835256,-0.2171533264219761,-0.39976527616381646,-0.3506239512935281,-0.6560629367828369,-0.026241565495729445,0.11484012622386217,-0.1360388584434986,-0.7746855020523071,-0.32622761335223915,-0.2953690648078918,-0.3413961887359619,-0.18853450417518616,-0.3257723219692707,-1.186518120765686,-0.8246567651629448,-0.5018735647201538,-0.9768435508012772,-0.9129523158073425,-0.7377736076712609,-0.9584190666675567,-0.6169211231172085,-0.7960109449923038,-0.6027743704617023,-0.7500327721238136,-0.8091878384351731,-0.36699880270753055,-0.5261486951261759,-0.9356480121612549,-0.8479513436555862,-0.18361309953033925,-0.17574062291532755,-0.6306093732826412,-0.5759471498429776,-0.44456311166286466,-0.20521019742591307,0.10615660436451435,0.09739151820540429,0.23141721915453672,0.4489665299654007,0.23297726814635097,0.6259329240769148,-0.17881262451410293,-0.4401878323405981,-0.3156821377575397,0.05015138434246182,-0.3839641425292939,-0.2422432854771614,-0.3509543899446726,-0.27236419934779404,0.6569300331175327,-1.0984904646873475,-0.2876814354211092,-0.7876822263002395,-0.27971158013679087,-0.2564920596778393,-0.518521112203598,-0.04272611029446125,-0.9215759009122848,0.1039257638156414,-0.26312283873558046,-0.4884593658149242,-0.651750148832798,-0.6567196622490883,0.057962970435619356,-0.42135427026078104,-0.3691666960716248,-0.34250060804188254,-0.3205591984093189,-0.6421014577150345,-0.18306821677833796,-1.0452111899852752,-0.6655004799365998,-0.18772853091359137,-0.008411997370421887,-0.6427681505680084,-0.7231544703245163,-0.154290551005397,-0.3014733143150806,-0.5343910789117217,-0.23138999631628393,-0.13235559724271298,-0.4029075503349304,0.09163482412695885,-0.31243773833848537,-0.5866199392825365,-0.6251535348594188,-0.8578245639801025,-0.7170781373977662,-0.817346328496933,-0.519211784482468,-0.5712906464934349,-0.8141254249960184,-1.0750882089138032,-0.38135591000318525,-1.4285776495933533,-0.8240304976701737,-0.34599394723773,-0.7516180276870728,-0.3521140458062291,-0.46413292638026177,-0.5154204107820988,-1.0257980048656463,-0.4039337545633316,-0.7285874340683222,-0.29753499031066893,-0.6022027902305126,-0.3111195221543312,-0.4485506046097726,-0.8209004454314709,-0.09346791505813598,-0.6686658203601837
-0.03138289451599121,-0.285366546548903,0.20508994571864606,-0.7066466547548771,-0.5994904510676861,-0.0182684320025146,-0.9752177506685257,-0.2004607066512108,-0.41487697083503006,-0.5555341884493827,-0.848027840256691,0.0665704432874918,-0.9756070682778955,0.03030548207461834,-0.17994424253702163,-0.7467055639252067,-0.7950101099908352,-0.42620193883776664,0.04668042361736298,-0.6678110063076019,-0.42025800943374636,-0.5518492493778467,-0.08233455009758472,-0.04000563118606806,-0.09349212571978568,-0.6566214174032211,-0.6957787446677685,-0.5859266974031925,-0.5624575603753328,-0.5405916448682546,-0.23171095699071884,-0.2346198193728924,-0.44668068289756774,-0.561528624035418,0.19570793136954306,-0.4792820543050766,-0.8413155861198902,-0.8658752966672182,-0.211848519789055,-0.3012069407850504,-0.7168000124394893,-0.6213013812899589,-0.525551675632596,-0.6239452734589577,-0.3202886462211609,-0.4985712382942438,-0.5450303100049496,-0.5079095259308815,-0.5675136461853981,-1.0151280224323274,-0.9280013784766197,-0.5361187970265746,-0.32263949466869235,-0.7203595686238259,-0.49204137548804283,-0.8987639367580413,-0.5886657983064651,-0.6188252225518227,-0.4316016986966133,-0.3752084895968437,-0.4452336089685559,0.15293245986104012,0.013616356998682022,-0.09369537699967623,-0.45929126590490343,-0.18061160966753959,-0.31314899399876595,0.17543160915374756,-0.005562104657292366,0.33700278028845787,-0.3983068510890007,-0.38170451801270244,-0.03590238634496927,-0.6904969288036227,-0.3151357341557741,-0.7598956927657128,0.39612927918788043,-0.06859000101685524,-0.5079601996578276,-0.473839970678091,-0.7075827242806554,-0.6296233594417572,-0.5048880353569984,-0.7129600822925568,-0.18823149129748346,-0.5304597437381744,-0.2354343578219414,-0.6174860343337059,-0.3924556940793991,0.09235161915421486,0.049100658670067784,-0.924606767296791,-1.05975803732872,-0.7042367532849312,-0.47662635426968336,-0.551375477341935,-1.0209253162145615,-0.8248352274298668,-1.0843440353870393,-0.3521566800773144,-0.7270219720900059,-0.4869405165314674,-1.0208839721977712,-0.20517700389027596,-0.23545669056475163,-0.6667838361114263,-0.8847766160964966,-0.6410231351852417,-1.0961293905973435,-0.5509629167616368,-0.6218299902975559,-0.7771096259355545,-0.7812596470117569,-0.6793732462450862,-0.12870702594518663,-0.41991605386137965,-0.4250091053545475,-0.41806830540299417,-0.06825243541970849,0.04384756935760379,-0.06201629340648651,0.041950877755880356,0.7894130989909172,-0.38612898886203767,-0.31518391125136985,-0.3245458073914051,0.4488188996911049,-0.3621716469526291,-0.23205250911414624,0.10631172433495521,0.007649695128202438,-0.3140014331787825,0.24310116805136203,-0.40131777599453927,-0.6298474863171577,0.3113100907765329,-0.10729316510260105,0.223563864082098,-0.12635762561112643,0.26455200016498565,0.31006721742451193,-0.5258186109364033,-1.2195060193538665,-0.19132941509597004,-0.37918991449987516,-0.2800785042345524,-0.173095241189003,-0.37764358818531035,-0.7017151147127152,-0.16329536156263202,-0.08291902234777808,-0.9621223926544189,-0.7123095130547881,-0.5964622732251883,-0.49668198451399803,-0.512613733112812,-0.4574227504432201,-0.4280077202245593,-0.7460283510386944,-0.34365707337856294,-0.02453189790248871,-0.26014204025268556,-0.8417306452989578,0.31340946555137633,-0.13409868218004703,-0.8047409594058991,0.24393613603897393,-0.688563483953476,-0.7534359961748123,-0.5724120736122131,-0.15828243512660264,-0.6675750620663166,-0.84294972717762,-0.6803948596119881,-0.6544634507969022,-0.1445980429649353,-0.7501696690917015,-0.9206547200679779,-0.48094175606966016,-0.5029059283435344,-0.3363263636827469,-0.4432294137775898,-0.7491563528776168,-0.5673700883984566,-0.17249580174684526,-0.042662379890680314,-0.4915235091000795,-1.0693721771240234,-0.8085336029529572,-0.47850014735013247,-0.6820630729198456,-0.4634550094604492,-0.6772012311965228,-0.36003414196893574,-0.4321652058511972,-0.6077765747904778,-0.4472237706184387,-0.5537597090005875,-0.19350181352347134,-0.5625360883772373,0.40891898460686205,-0.29640852063894274,0.3865450657904148,0.024679810926318168,-0.72216237783432,-0.29045215919613837,-0.7907801646739244,0.19164502173662185,-0.2160423002205789,0.5758673951029778,-0.7003866791725158,-0.8711070531979204,0.296861208230257,-0.6111543536186218,-0.4224811177700758,-0.7802187032997608,-0.7979923762381077,0.39594256728887556,-0.5491451986134053,-0.4543838294222951,0.38477934896945953,-0.02427778849378228,-0.04707087203860283,-0.8784500436857343,-0.3933434832841158,-0.23658575862646103,-0.6321889325976372,-0.7861928045749664,-0.19369333535432814,0.19059942306485028,-0.12945086434483527,-0.403120718896389,-0.3454923660028726,-0.7979737035930157,-0.7081636965274811,-0.28831133544445037,-0.49492569249123336,-0.4868661694228649,-0.477053427323699,-0.5274278566241264,-0.47189573012292385,-0.6247909069061279,-0.30752815008163453,-0.32946040062233806,-0.7223365724086761,-0.45668513383716347,-0.1818648710846901,-0.2613170981407166,-0.10868041571229696,-0.6946042507886887,-0.5410924509167672,-0.5694141125306487,-0.36983137801289556,-0.7262835989939049,-0.3457937199622393,-0.6093591079115868,-0.03539287894964218,-0.2765641868114471,-0.28559194775298236,-0.3547744657145813,-0.5769605934619904,0.09226593524217605,-0.19467525668442248,0.007698512077331543,0.14114010334014893,-0.7948278069496155,-0.0248290678486228,-0.24638273194432259,-0.27680390514433384,-0.11486236900091171,0.60918188393116,0.12650097012519837,-0.34564214050769804,0.10283398851752282,0.08420973718166351,-0.22062568068504335,0.12235482186079025,-0.3225579896941781,-0.4590036358684301,0.06612422270700336,-0.2457679219543934,-0.20954818278551102,-0.3562714021652937,-0.3337720215320587,-0.5257432060316205,-0.6064631663262844,-0.6448708705604076,-0.7047955997288227,-0.40334577560424806,-0.40084126964211464,-0.51796580478549,-0.39860286507755516,-0.7164707899093627,-0.15474599376320838,-0.15451326947659255,-0.3508905924856663,-0.9720621138811112,-0.4603703996166587,-0.4313584715127945,-0.5134337291121482,-0.22268526777625083,-0.38179195746779443,-1.163893884420395,-0.9300877913832665,-0.5409331440925598,-0.9119422525167465,-0.9255300879478454,-0.8125651910901069,-1.022092056274414,-0.7510328017175197,-0.7328084446489811,-0.6958735950291157,-0.9907084792852402,-0.8689400821924209,-0.4536423078039661,-0.5558915141969919,-1.0747867166996001,-0.9547836214303971,-0.31802909560501574,-0.28048321399837733,-0.6356056253425777,-0.60323491320014,-0.4275320410728455,-0.236719375976827,0.18821816928684712,0.06606182381510735,0.16811878359876573,0.4133299797773361,0.11700121373869479,0.46127828769385815,-0.2222643628716469,-0.5220990806818009,-0.43571665734052656,0.0928628376685083,-0.37439441415481267,-0.22740371376276017,-0.3376741621643305,-0.3923211023211479,0.6618029989302159,-0.9960055429954082,-0.2730995465070009,-0.8204604268074036,-0.30770802483893933,-0.313536911457777,-0.5365001559257507,-0.12455737926065921,-0.892441937327385,-0.06157580092549324,-0.2575306862592697,-0.5448974333703518,-0.6824230328202248,-0.6667900875210762,-0.08150985985994338,-0.5837303864769637,-0.4687424451112747,-0.5397788256406784,-0.5210636146366596,-0.6746716648340225,-0.17102425191551446,-1.0154782295227052,-0.5862379640340805,-0.31295872405171393,-0.18939479272812604,-0.7557502388954163,-0.7988979250192643,-0.15521150120766833,-0.3581182904541492,-0.5838756507262588,-0.27798165669664743,-0.31742364577949045,-0.5295791909098625,-0.030100455135107042,-0.39284464591182766,-0.7190920609980822,-0.6799371160566807,-0.8969879865646362,-0.7559231281280517,-0.8873431980609894,-0.6297598372329958,-0.6336663514375687,-0.9330612331628799,-1.158776181936264,-0.5288637086749077,-1.3839113771915437,-0.9244321942329407,-0.4819293312728405,-0.8103647768497467,-0.5041776522994041,-0.6182465588208288,-0.7399138607084751,-1.134711617231369,-0.711741355061531,-0.9289628122001886,-0.46284395158290864,-0.9015007726848125,-0.5094094142317772,-0.5618738132994622,-0.9627516806125641,-0.3541108399629593,-0.8452730685472488
-0.2976979449391365,-0.5188250893726944,0.07463357858359813,-0.8588697411119938,-0.9200548760592937,-0.2824677008204162,-1.0345963150262834,-0.3908236026763916,-0.8214751811698079,-0.6471962496638298,-1.144615438580513,0.023435567691922187,-1.0036740848794579,-0.06745905764400958,-0.5453029409050941,-0.8760702272877097,-1.0680996656417847,-0.836635410040617,-0.11989972591400147,-0.975588321685791,-0.5170406982302665,-0.5890802208334207,-0.2984720814973116,-0.3209720680490136,-0.18410309553146362,-0.8304956048727036,-0.885089810937643,-0.8082585789263248,-0.7219703156501055,-0.7360724326223135,-0.4078711971640587,-0.3811421118676662,-0.5696549236774444,-0.5588659176602959,0.23241783306002617,-0.4081412762403488,-0.9380298264324665,-0.9545669842511415,-0.22496055220253766,-0.2600751016288996,-0.7574429295957088,-0.6579633399844169,-0.4484536875039339,-0.5655054584145546,-0.2955723226070404,-0.5001386139541865,-0.46098239347338676,-0.5121285155415535,-0.5831365957856178,-1.0152650058269501,-0.8862551137804985,-0.49896632190793755,-0.39833345962688327,-0.7095950055401772,-0.5111103735864162,-0.8987255275249482,-0.6290776997804641,-0.6432538464665413,-0.4193637266755104,-0.4047728106379509,-0.5210408108308912,0.09775978848338127,0.014343438297510147,-0.1457716541364789,-0.5114077314734459,-0.21349466368556022,-0.3402385599911213,0.11770127862691879,-0.16308835595846177,0.2800894632935524,-0.5526278600096702,-0.7048454700037837,-0.11393638644367457,-0.6781644655391574,-0.32681628949940206,-0.678551696240902,0.4694084856426343,-0.1285709798336029,-0.46288405591621995,-0.5053223691880703,-0.7555155636742711,-0.6832966506481171,-0.6318936243653297,-0.718541556596756,-0.20755333825945854,-0.6222253322601319,-0.2945390783250332,-0.664344422519207,-0.456362709403038,0.10317074730992318,0.1469819489866495,-1.0349284023046494,-1.0750480949878694,-0.7411990597844124,-0.4763725457713008,-0.750648571876809,-0.932619771361351,-0.6693403694778681,-0.9328638091683388,-0.36861399933695793,-0.7357539869844913,-0.59256741553545,-0.8977697975933552,-0.1497011075494811,-0.16114347018301486,-0.6846947338432073,-0.7659396529197693,-0.6318181455135345,-1.0624762147665023,-0.5312160648405552,-0.6995710827410221,-0.9104882806539536,-0.7815263658761978,-0.6035669608041644,-0.19823240898549557,-0.4335112772881985,-0.45522024407982825,-0.4253911964595318,-0.12003500210121273,0.04678851021453738,-0.1578478142619133,-0.15892106667160988,0.575047479569912,-0.48092503249645235,-0.3977284049266018,-0.33431456461548803,0.3627752885222435,-0.39915943443775176,-0.23355344347655774,0.04722157455980778,0.029612302035093307,-0.2530908089131117,0.12605074383318424,-0.3904299832880497,-0.548719497025013,0.39801554000005124,-0.0726975429803133,0.13684171661734582,-0.06964217890053988,0.27991711497306826,0.3161143857985735,-0.499760652333498,-1.049284115433693,-0.3898289910983294,-0.5358133048168383,-0.2571064688265324,-0.2524286091327667,-0.282256555557251,-0.8578435003757476,-0.3232421578606591,-0.12383650233969093,-1.1586952358484268,-0.8022049343213439,-0.6817268367856741,-0.6261118315160275,-0.6362402334809303,-0.6018568687140942,-0.5572043595835566,-0.875369792431593,-0.4797963172197342,-0.2472027748823166,-0.38157313466072085,-0.8712556034326553,0.21119829416275024,-0.12456815876066685,-0.8110868632793427,0.21805983153171837,-0.7438964366912841,-0.820548078417778,-0.5683488294482231,-0.2119123727083206,-0.5320819430053234,-0.8989151030778885,-0.7218825504183769,-0.6276467906311154,-0.28851576447486876,-0.65186817497015,-0.9792470812797547,-0.5263361409306526,-0.5983661852777005,-0.41861149072647097,-0.5548341877758503,-0.8236554771661758,-0.7238616555929184,-0.2908124506473541,-0.13802531510591506,-0.6619440112262964,-1.1005614161491395,-0.8293673813343048,-0.730965156853199,-0.8724753066897393,-0.6890930593013763,-0.6802692580968142,-0.563830345403403,-0.6865089926868677,-0.7813329085707664,-0.5372497640550137,-0.6454933017492295,-0.41054332386702297,-0.7948287166655064,0.2769312459975481,-0.4640396639704704,0.2540334649384022,-0.22306043095886707,-0.8970093309879303,-0.5395841307938098,-0.9979528117924928,-0.0685264989733696,-0.3912644318304956,0.5794937416911126,-0.8198677271604538,-0.8954528087750078,0.22020235285162926,-0.7051684111356735,-0.7929140668362379,-1.097967217117548,-0.8166415371000767,0.2713192984461784,-0.6626695923507213,-0.4259198935702443,0.17289697229862214,-0.20094691449776292,-0.2758425883948803,-1.0753237755969167,-0.4509706575423479,-0.462461419403553,-0.7667151615023613,-0.9645012259483338,-0.41019807010889053,0.11177151740994304,-0.20390552952885627,-0.558049914240837,-0.44878093008883296,-0.9590054623782635,-0.6534473836421967,-0.3022911995649338,-0.5910080699250102,-0.6782454498112201,-0.5370980020612478,-0.6284619256854057,-0.5531273540109396,-0.6871354818344116,-0.28133405447006227,-0.4183495405130088,-0.7146522581577301,-0.5150405546650291,-0.2750421240925789,-0.4185452438890934,-0.10575411673635245,-0.7810241967439652,-0.5378005459904671,-0.6555178558453918,-0.3490277029573917,-0.7592205594526604,-0.3462491828948259,-0.6467667326331139,-0.05546650737524032,-0.3452785089612007,-0.25701060267165304,-0.4661365057574585,-0.6847833037376404,-0.001583389937877655,-0.2303924385458231,-0.061486329138278964,0.04424559623003006,-0.8811565995216369,-0.1282814910635352,-0.3639690475538373,-0.34546145536005496,-0.2470158040523529,0.4956466555595398,0.0075619637966156,-0.5813282787799835,-0.030742434412240983,0.07595585584640503,-0.21230689883232118,-0.0673222616314888,-0.2475030491128564,-0.42494875453412534,0.0739779383293353,-0.21976783946156503,-0.3633978426456451,-0.30033491402864454,-0.33886035084724425,-0.736690996773541,-0.6556440018117428,-0.7866266302764415,-0.844160295277834,-0.5163394033908844,-0.6132172226905823,-0.5952927760779858,-0.46356344912201164,-0.8336922705173493,-0.38780914917588233,-0.4080187199637294,-0.5642896719276905,-1.1279084235429764,-0.5827388009056449,-0.5426824256777764,-0.6525937393307686,-0.29163665398955346,-0.4126353286206722,-1.0045038416981698,-1.0395047053694726,-0.5129222869873047,-0.9370308130979538,-0.882251650094986,-0.8257844999432564,-1.1087948560714722,-0.8574562691152096,-0.607007110863924,-0.7589887268841267,-1.0247999757528305,-0.9437169641256332,-0.5707939794519916,-0.5124461177736521,-1.1617501020431518,-0.974456188082695,-0.43045908994972704,-0.3150127844884992,-0.7441775981336832,-0.6011788867413997,-0.41591319143772126,-0.22443721456220372,0.192317308858037,-0.06850817874073982,-0.04770394884981215,0.4266816288232803,-0.022318021347746252,0.3683267328888178,-0.255955345928669,-0.6032346367835999,-0.5282843694090843,0.0907049922272563,-0.3804478559177369,-0.26641991585493086,-0.3803427640348673,-0.4474917158484459,0.6441316045820713,-0.9475514788646251,-0.21960464902222157,-0.8178705036640167,-0.3597319431602955,-0.3150679670274258,-0.5854678511619568,-0.23393950350582599,-0.9926675349473953,-0.2199200637638569,-0.2710580497980118,-0.643501078337431,-0.7008363261818886,-0.7464827254414559,-0.26153829246759414,-0.6598170506767929,-0.5719849273562432,-0.7680965788662434,-0.7426995255053044,-0.6524076353758573,-0.2068044314160943,-0.9990701735019684,-0.5586138397455216,-0.530927338451147,-0.3779081342741847,-0.9281159311532974,-0.9036900728940964,-0.21023215391905978,-0.5350002974271775,-0.7236892282962799,-0.38157809218391775,-0.4518999379128218,-0.6734542325139046,-0.1321934148669243,-0.49718211092986164,-0.8318627674132586,-0.7092422097921371,-0.8762595325708389,-0.7914230138063431,-0.9517931461334228,-0.7964515551924706,-0.6665057241916656,-1.031286174058914,-1.2534845232963563,-0.7167300119996071,-1.3019929349422454,-1.0035104870796203,-0.6631828494369983,-0.9142110586166382,-0.6199107125401497,-0.7861880482640118,-0.9218632951378822,-1.2751124024391174,-0.9509344816207885,-0.9942680690437555,-0.683145409822464,-1.0828268855810166,-0.7657938674092293,-0.7060936111491174,-0.963185292482376,-0.619030824303627,-0.9989977508783341
-0.5217774108052253,-0.7232887327671051,-0.142227016761899,-0.8391997195780277,-1.1450253672897817,-0.5360541242174804,-0.9335890620946884,-0.612408684194088,-1.040264138765633,-0.7405172511935234,-1.3088194981217385,-0.06644990555942058,-0.8692716607823968,-0.20507867373526095,-0.8535804882645607,-0.8352248033508658,-1.3016528189182281,-1.1287271611392498,-0.2810425400733948,-1.1510864064097404,-0.5327508673071861,-0.4122676972299814,-0.48307997472584246,-0.5705836007371545,-0.24588250294327735,-0.856825178861618,-1.0099330373108386,-0.9482575342059135,-0.8813994292169809,-0.9033830091357231,-0.5831765294075012,-0.5002313934266567,-0.6788787066936492,-0.5980846652761102,0.2875634416937828,-0.33514571413397787,-1.0679563827812673,-1.0316762555390597,-0.24862998579628764,-0.25060930885374544,-0.7141350232064724,-0.6869067117571831,-0.38824833631515504,-0.5406564190983772,-0.29123146533966066,-0.47166453637182715,-0.4080079846084118,-0.4998338416218758,-0.5842270568013191,-1.0647617518901824,-0.8168741390109062,-0.48769912477582694,-0.32612877143546937,-0.7362508940976114,-0.46720292754471304,-0.8585578799247742,-0.632340869307518,-0.6702129855751991,-0.40002706199884414,-0.4117144152522087,-0.5923634061589838,0.058055647648870945,0.0007542494684457778,-0.17655171919614077,-0.6251566588878632,-0.2090499706566334,-0.3328913815319538,0.08490059524774551,-0.2509071588516235,0.17510969340801238,-0.7414049550890922,-1.0155814541503787,-0.10898563805967569,-0.7067060841247439,-0.31921614296734335,-0.7139823779463768,0.43629466926213356,-0.15678466707468033,-0.47224739724770187,-0.5391050718724728,-0.82883659619838,-0.7322489559650421,-0.7765412151813507,-0.7465701937675476,-0.21083052679896355,-0.7803693741559983,-0.41538104340434073,-0.7132606074213982,-0.5833658829331398,0.048664975166320804,0.14924943447113037,-1.1105047374963761,-1.136503952741623,-0.7725173488259316,-0.5125621793791652,-0.97095564189367,-0.7974837809801102,-0.5339498426765203,-0.8465059652924538,-0.3968230180442333,-0.6838628686964512,-0.47312068194150925,-0.7510852627456188,-0.12150977503042668,-0.16000437773764134,-0.7258475806564093,-0.6787427812814713,-0.5949029237031936,-1.101975479722023,-0.4475301127880812,-0.7722797460854054,-0.9640975266695022,-0.8473778814077377,-0.6608287705108523,-0.2044826176017523,-0.5574442975223064,-0.6578866764903069,-0.4135325126349926,-0.1465905549004674,-0.016737689822912218,-0.10551246926188469,-0.27464192882180216,0.4159792885184288,-0.5692957788705826,-0.49338188223773616,-0.36701330319046976,0.26963726729154586,-0.4881221979856491,-0.29770953468978406,-0.009398489072918893,0.020974700897932054,-0.2897967081516981,-0.004363363608717918,-0.38832020536065104,-0.49286515861749647,0.35613507544621825,-0.05518130399286747,-0.010644099861383437,-0.08546809647232294,0.17843957543373107,0.2647683653980494,-0.523270309716463,-0.9996208697557449,-0.5641158721875399,-0.717981431260705,-0.40318807736039164,-0.38992838859558104,-0.2753526523709297,-0.9568540424108505,-0.4482150048017502,-0.16931602945551277,-1.2158937126398086,-0.8053415214642883,-0.7294150348752737,-0.7624928317964077,-0.7610629573464394,-0.6778297536075115,-0.7219612604007125,-1.0063553504645824,-0.669816093146801,-0.4625503450632095,-0.4457811668515205,-0.9579694896936417,0.08726003766059875,-0.14492118991911412,-0.8159571886062622,0.07356838551349938,-0.7913377434015274,-0.9088402628898621,-0.6223948583006859,-0.22640920262783765,-0.44381463453173636,-0.9668865501880646,-0.7500336706638336,-0.6820742594078183,-0.43656994104385377,-0.5778832390904427,-1.0498961627483367,-0.6550536222755909,-0.7281944997608661,-0.49213666319847105,-0.7459241889417172,-0.9027217119932175,-0.874005252122879,-0.4567968904972076,-0.2893813565373421,-0.8116154331713915,-1.118976652622223,-0.8596252620220184,-0.8787796013057232,-0.8967696130275726,-0.716586422920227,-0.6857561577111483,-0.6751589938998223,-0.8276469979435206,-0.8836598679423332,-0.6887643314898014,-0.7111027330160141,-0.6511265618726612,-0.9618923254311085,0.12360985465347767,-0.6667533740401268,0.03825174942612648,-0.47035619802773,-0.9651764333248138,-0.7273125655949115,-1.0574013758450747,-0.2337113842368126,-0.6170244342647493,0.490069404989481,-0.9486321061849594,-0.8250308061018586,0.13200465962290764,-0.7197702616453171,-1.0817294102162123,-1.3804794348776341,-0.7930835880339145,0.15309277623891832,-0.7064052455127239,-0.4333707125857472,-0.022746548056602478,-0.3555103802122176,-0.4888542823493481,-1.1381091507151724,-0.4879624892026186,-0.6152735069394112,-0.8649723485112191,-1.0272109031677246,-0.624835716187954,-0.03547300158534199,-0.37230821922421453,-0.63874651491642,-0.5652809381950646,-0.9420016877353191,-0.5966172575950622,-0.3201252192258835,-0.6856321034952998,-0.8369734920561314,-0.4267981585115194,-0.5598761424422264,-0.5583127435296774,-0.7646509557962418,-0.2119398295879364,-0.500808063428849,-0.7465749323368073,-0.5292872479185462,-0.31435989812016485,-0.4874050863087177,-0.10125924404710532,-0.6880782760679722,-0.5621851310133934,-0.8425175165757537,-0.3320585824549198,-0.7249709735857323,-0.3412739370018244,-0.6784732952713967,-0.03274622745811939,-0.3808150127530098,-0.168252291996032,-0.41374070376623423,-0.7928326413035393,-0.03582289069890976,-0.265212344750762,-0.08398951813578606,-0.03976284116506577,-0.9878621637821198,-0.1728262236341834,-0.47895412165671586,-0.43711366318166256,-0.371069173514843,0.3397457003593445,-0.1480235993862152,-0.8293643951416015,-0.15223150923848153,0.0936549637466669,-0.2217157870531082,-0.2938587680459023,-0.23852316234260798,-0.39199356399476526,0.12022257636999711,-0.16423647124320268,-0.4596446044743061,-0.2623524323105812,-0.3662803292274475,-0.9260929848998785,-0.689327099174261,-0.8860105626285076,-0.9742707796394825,-0.6122905015945435,-0.8453196048736572,-0.6912007011473179,-0.5749153822660447,-1.0309833392500878,-0.5810354389250278,-0.6386155484244227,-0.8072009660303593,-1.2812112063169478,-0.6865735938772559,-0.660690812766552,-0.7967711001634598,-0.37832633778452873,-0.5259448021650315,-1.001105709373951,-1.1186120495200158,-0.523378187417984,-0.9130496114492417,-0.8200447499752045,-0.9331688106060028,-1.2193247497081756,-1.0032296180725098,-0.549840397387743,-0.7776970334351063,-0.9228372067213059,-1.01624935567379,-0.5423070332268253,-0.39109062887728213,-1.2383723378181457,-1.0106342405080795,-0.4690240878611803,-0.3707666801288724,-0.8027360145002603,-0.6488918326795101,-0.5527572304010391,-0.20147718203952536,0.2260539572685957,-0.1450778938829899,-0.1360905280802399,0.3818026214838028,-0.15758464275859296,0.38570783399045466,-0.1965343564748764,-0.699647632241249,-0.6303706079721451,0.05846882443875075,-0.4101463678758591,-0.2714799627661705,-0.3696962658315897,-0.5090219661593437,0.6436929740011692,-0.9550312776584178,-0.22372974194586276,-0.8379761755466462,-0.36107262447476385,-0.36975408643484114,-0.6158347845077514,-0.3607021767646074,-1.1203274071216582,-0.41013414934277537,-0.312885582447052,-0.8140060171484947,-0.7556854382157325,-0.8557616531848907,-0.44445753544569017,-0.7674971255473793,-0.6884894832968712,-0.8761184312403202,-0.9679732048884034,-0.6195440988987684,-0.17605568934231997,-0.9628312230110169,-0.5512234061956406,-0.7492198817431927,-0.5360645113512874,-1.086645470559597,-1.0665545850992202,-0.2241238578222692,-0.6908395767211915,-0.9076409041881561,-0.46285753324627876,-0.5744711827486754,-0.6710517391562462,-0.2125717893242836,-0.5912980295717716,-0.8890692193061114,-0.7269530743360519,-0.8580760151147843,-0.8372540086507797,-1.0253407061100006,-0.971458038687706,-0.7199589490890503,-1.1467821598052979,-1.3593302130699159,-0.8741696909070015,-1.1372299194335938,-1.130132931470871,-0.9090936250984669,-1.0395320355892181,-0.7567899480462075,-0.9406225906219333,-1.0963741049170495,-1.4001257479190827,-1.0984253123402596,-0.9961363527923822,-0.6744309842586518,-1.2087608486413957,-0.9624449327588082,-0.8526337321382016,-0.9722333908081054,-0.8844450086355209,-1.1747296750545502
-0.6904763355851173,-0.7395110100507736,-0.31194087155163286,-0.9063721157610416,-1.2792641825973987,-0.6827860328368842,-1.011749079823494,-0.7667625948786736,-1.1740072520449758,-0.8133882597088814,-1.4260080754756927,-0.05454177223145962,-0.8107401261106133,-0.26770536936819556,-1.066199554502964,-0.7697743313387037,-1.5217292487621308,-1.4202171616256236,-0.36329945772886274,-1.1135106787085534,-0.4854114018380642,-0.31572546996176243,-0.5846028227359057,-0.7632942924275994,-0.29914635717868804,-0.8409826651215553,-1.1366731353104114,-1.0068947851657868,-0.9407756339758635,-1.0392073467373848,-0.7100622653961182,-0.619939961284399,-0.7835239887237548,-0.6509691843762994,0.22574642300605774,-0.30651995465159415,-1.151167280226946,-1.0810029972344637,-0.3622422427404672,-0.2884203687310219,-0.7319692455232143,-0.6561882957816124,-0.28919561952352524,-0.3945043757557869,-0.21517205834388733,-0.4255782011896372,-0.30642708465456964,-0.4469332441687584,-0.5399427235126495,-1.0525509715080261,-0.651206123828888,-0.40989887453615664,-0.2600583109073341,-0.7750329084694385,-0.46294059567153456,-0.7746983170509338,-0.6101208608597517,-0.6696367278695107,-0.4025292947888374,-0.38588019758462905,-0.6367614168673754,0.03187439236789942,0.062014471367001535,-0.15325926337391138,-0.6177917256951332,-0.147892078012228,-0.3052531898021698,0.15809646770358085,-0.47304853796958923,0.066516974568367,-0.9295376241207123,-1.3115734130144119,-0.16954689566046,-0.7057469738647342,-0.3649740260094404,-0.6594240978360176,0.3967791266506538,-0.14316786117851735,-0.45151068503037095,-0.5309938095510006,-0.8785080702975392,-0.7103919506072998,-0.8842220887541771,-0.7469733476638794,-0.18036969676613807,-0.8695435076951981,-0.5007095538079739,-0.738439068198204,-0.6850026227533818,-0.00743260532617569,0.11643682569265365,-1.1592111736536026,-1.1971761643886567,-0.7699135139584541,-0.5565271375700831,-1.1458304006140678,-0.7210820436477661,-0.520084324106574,-0.6547057643532753,-0.42101609632372855,-0.5891626335680484,-0.3878218546509743,-0.5527293168008327,-0.13165097783785312,-0.2151474479585886,-0.6738442476838827,-0.5365961968898774,-0.5123628839850426,-1.0544731169939041,-0.357517023012042,-0.8727207131683826,-1.0473331362009048,-0.8725843995809555,-0.7089756859466434,-0.2150297060608864,-0.59371292963624,-0.739474369585514,-0.3751198433339596,-0.17729414124041795,0.08703834787011147,-0.02840134724974632,-0.38587966933846474,0.21925706118345262,-0.5212411701679229,-0.43012265615398065,-0.3498576395213604,0.19473649710416793,-0.5841965496540069,-0.38993589095771314,-0.07821516133844852,0.017228693515062333,-0.27326975874602794,-0.050438519939780234,-0.3028033323585987,-0.4116766184568405,0.3308580473065376,-0.014652558043599129,-0.10408241525292397,-0.06809028182178736,0.11016168296337128,0.24369615986943244,-0.5024573363363742,-0.9950445204973221,-0.7273664973210543,-0.906233173981309,-0.40565781854093075,-0.31909624830586836,-0.23710231333971024,-0.9603605955839157,-0.4733064830303192,-0.19455589642748236,-1.2012920290231706,-0.8562769746407867,-0.7605782624334096,-0.8359978519380092,-0.8319729939103127,-0.7312001101672649,-0.8020167833194136,-1.103812950104475,-0.84439497590065,-0.5759071916341781,-0.48246025294065475,-1.046044197678566,0.005147406458854675,-0.16654490865767002,-0.7573952198028564,0.03339912262745202,-0.7719738990068435,-0.8673593521118164,-0.6070220574736596,-0.2364439530298114,-0.3587333373725414,-0.9413989663124085,-0.7449807763099671,-0.6601691113784909,-0.5300552517175674,-0.45068351440131665,-1.0219292283058166,-0.726503313332796,-0.7522466816008091,-0.5740746915340423,-0.8336725577712059,-0.9184847384691238,-0.8998088926076889,-0.5497121274471283,-0.3548411156487418,-0.8218034327030181,-1.1237911343574525,-0.8733454883098603,-0.8794041208922863,-0.8590030144900084,-0.7857530653476715,-0.7411903768777848,-0.7245906040072441,-0.9670604798942805,-0.8927216574549675,-0.6890777386724949,-0.7887534618377685,-0.8670202506706118,-1.1635758519172668,-0.054030374810099605,-0.7955474179238081,-0.20850597247481345,-0.676394535973668,-1.1517695844173432,-0.987459159642458,-1.034584666788578,-0.4391200229525566,-0.8037108710967005,0.4310151465237141,-1.0185980826616288,-0.8135385135188699,0.11674021333456039,-0.7711176365613938,-1.3446074228733778,-1.6530535340309143,-0.7422626264393329,0.0470843181014061,-0.7419511459767818,-0.39561562016606333,-0.1341511696577072,-0.5125806474126875,-0.6863544099032879,-1.1235250221565365,-0.5156394738703967,-0.7649150565266609,-0.9429140612483025,-1.0798763692378999,-0.7548042520880699,-0.13254741488490254,-0.5143711045384407,-0.6943962723016739,-0.6391517222393304,-0.9535771958529949,-0.5158361375331879,-0.36237926185131075,-0.7590386329218746,-0.972397068887949,-0.4190612930804491,-0.5856003388762474,-0.6380079861730337,-0.8586641132831574,-0.248717600107193,-0.5809781941585243,-0.7811092436313629,-0.5218958487734199,-0.2615165915340185,-0.48450857773423195,-0.06506703924387694,-0.7560521818697452,-0.5454481467604637,-0.9493432288989425,-0.26382879093289374,-0.6817890386329963,-0.2214957896620035,-0.6246125072240829,-0.018757161870598792,-0.4187882885336876,-0.08866990329697728,-0.36451636732090265,-0.8492644816637039,-0.0371426597237587,-0.2368935827165842,-0.06243230029940605,-0.06955230534076691,-1.0335856080055237,-0.2303724939003587,-0.5296411426737905,-0.47051979303359986,-0.42163243144750595,0.16670805513858794,-0.24237994849681854,-1.0356517881155014,-0.21723526306450366,0.05160045363008976,-0.22391645312309266,-0.4197502747178078,-0.19561675433069467,-0.33290442712605,0.11730102760484443,-0.11583310384303332,-0.5142019689083099,-0.2227935805916786,-0.38123732805252075,-1.049924646690488,-0.6992476664483547,-0.9670552842319011,-1.0443018056452273,-0.6948341637849808,-1.025774985551834,-0.6644283039495349,-0.6369442403316498,-1.1842350706458091,-0.7592194229364395,-0.826638394407928,-1.042550017684698,-1.4162004202604295,-0.7913937916979193,-0.7429769977927208,-0.952119617164135,-0.4407449387013912,-0.6073703199625016,-1.0352953389286994,-1.0864555105566978,-0.510851863026619,-0.8047430485486984,-0.7554525971412659,-0.9887395918369293,-1.3064669251441956,-1.1214991420507432,-0.5397022135555745,-0.781646079570055,-0.9833163022994995,-0.9906508296728134,-0.5447371578076854,-0.4717738375067711,-1.2418688535690308,-1.0175359338521957,-0.5340418491512537,-0.35417327992618086,-0.9120447039604187,-0.7428254328668118,-0.6353839352726937,-0.17579057229449974,0.20587191507220268,-0.29846854582428933,-0.16846617148257792,0.3089358538389206,-0.15242430209182203,0.19274066351354122,-0.23463499248027803,-0.7688438773155213,-0.7133837014436721,0.014385354612022639,-0.38418979081325233,-0.3052233636379242,-0.3729425583034754,-0.5490946285426617,0.6392712809145451,-0.8872712154407054,-0.17784441262483597,-0.8459407210350036,-0.3128353111445904,-0.33006466180086136,-0.6137637436389923,-0.34117930924403483,-1.1666407406330108,-0.5204299278557301,-0.290212825499475,-0.8231789857149124,-0.7673592403531074,-0.9452421545982361,-0.6065744563937188,-0.7904242143034935,-0.6666296686977148,-0.9586090289056302,-1.1951840752735734,-0.6411186520010232,-0.0997050004079938,-0.8735297217965126,-0.45370169132947924,-0.9861746810376644,-0.6601321218535304,-1.2314516097307204,-1.2688550621271133,-0.2158941267989576,-0.8119739711284637,-1.01202152967453,-0.5351960755884647,-0.6610128592699767,-0.665870426595211,-0.3558666750788689,-0.6882714428007602,-0.96505834646523,-0.6599335193634033,-0.784340163320303,-0.8678679198026658,-1.1003039360046387,-1.0795390516519547,-0.7180096000432968,-1.1662265598773955,-1.3615693271160125,-0.9304622292518616,-1.0357137501239777,-1.1939318776130676,-0.977888036519289,-1.0768153607845306,-0.8004781320691109,-1.0485037209000438,-1.1645434349775314,-1.4633960485458375,-1.051385772228241,-1.0490374237298965,-0.7201401829719544,-1.2538024634122849,-1.1585037410259247,-0.8527092691045255,-1.0303350865840912,-1.100982916355133,-1.282117623090744
